total number of rows in this file: 1453
7188865111,9
7183877820,1
7184293636,1
7189045400,4
7185843291,4
7185740382,1
2128605803,2
2122897593,2
7187560243,2
7182824920,3
7184245905,2
7187201010,24
7185836000,9
7187394229,9
7185740235,4
7186530835,2
7186012632,3
2126149531,3
7183564789,2
7187735332,9
7182631163,2
7187861550,1
7187960360,3
7184471462,4
7184495050,9
7188493845,4
7189875336,9
7188426880,1
7186381740,5
7183582243,3
7184713200,2
7186991010,1
7185845805,3
2126905960,10
2128605976,7
7188286607,4
7186817219,5
2128605809,1
7185264780,1
2125860981,2
7187276040,3
7186268620,8
7187968516,8
7183618786,1
7185431000,11
7184420462,7
7182589283,8
7188911110,2
7183223500,2
6466729020,5
9174923857,1
2123602766,11
2125338140,3
7187561206,4
2123486140,11
7183564200,4
7186675725,7
7182513700,1
7189818800,6
7188346756,3
7189331247,1
2129284364,2
7186655617,3
2123106600,1
7187396883,15
7184641433,2
2125678109,5
7185421155,3
7186338200,5
7183720221,3
7186471740,2
7184433600,2
7183568113,1
7183782061,1
2127684242,2
7183679446,6
7183593390,6
7186523903,7
7185236912,1
2128605831,8
7182306363,3
7182924502,1
7184656818,4
7185740288,2
7182666380,1
7185184333,2
7189045600,2
2126905911,5
7185851205,1
7187230313,3
7188557155,3
7187456610,1
7186996071,1
7182248060,1
7187932130,1
2126451980,1
2123042365,9
7188921006,11
7186493155,7
7186817507,7
7185888308,2
7186461444,2
7183532514,1
7184614055,3
7188547430,1
7189194212,4
7188624406,12
7188574810,6
7186673545,6
7188219800,2
7182726202,1
7184301800,825
7185205925,19
2123163241,1
7186497880,16
7183282811,1
7188346744,3
2127379774,4
7185896728,3
2129624341,2
7184671700,14
7184395962,22
7187892258,2
7183562211,2
7187613325,2
7184320537,2
7187248500,3
7186672165,31
7182664841,1
7186179101,7
7189220389,2
7184666800,1
7189840772,1
7184346960,1
7189842233,1
7182787054,1
7182923785,7
2129291743,7
2122346200,2
7187843431,1
7183511155,1
7188344748,1
2122628067,1
7189927089,2
2124962105,2
7186985757,4
7189415450,5
7184423037,3
7186200724,1
7183201222,2
7188603313,1
7182514110,2
7188466280,2
7183590321,7
7187335274,2
7188608140,3
7184025157,1
7185834146,1
7187745200,2
7185285807,7
7186472100,2
7188461840,3
2122818395,1
7182244031,1
2122425228,4
7184421520,4
7187215404,6
7185742318,1
7185730781,1
7185282238,3
7183560130,1
7184670800,7
7186041380,2
7184293141,4
7183283351,4
7186650962,8
7188046400,8
7185742345,3
2126905932,7
2122223132,1
7187829830,1
7185285734,1
2127347127,4
7182411300,7
7183568242,5
7187792090,9
2128665400,9
7187733343,2
7184295287,3
7183856200,2
7182201830,2
7187968695,2
7184304688,3
7187338852,7
7187625995,3
7184324300,3
7182948504,4
2122474307,1
7184014891,7
2125715659,1
2128605838,2
7183587579,1
7188332323,2
7186980600,1
2124080100,2080
7183784736,3
7186817276,8
7186650950,5
7182940841,1
7188165259,2
7184591044,1
7184579757,1
5169210450,4
2126905925,16
7183582005,9
7184238138,1
7186023271,2
2122537076,2
7185425063,1
7184104077,4
7186311886,3
7185294300,7
2129280739,2
7183287729,3
7189912695,2
7189370320,2
7188977006,1
7185488200,3
2125957193,1
7186948357,1
7186817553,1
7183337860,1
7185336712,4
7182925255,9
7189456900,11
7186556660,1
7187601083,2
2122336034,1
7183872929,7
2129294433,1
7182411000,2
7182723949,2
7186291204,1
2122553705,11
7186386910,1
7184748615,3
7188166172,4
7185265523,4
2122338930,1
7189658999,288
7182682775,6
2122349607,3
2126911183,2
7183391422,1
2126626191,1
2123481694,8
2124102818,4
7184544957,2
7189697780,1
2127720210,10
7183537853,20
7183268243,7
2123532010,1
7186816120,6
7182818200,11
7184462120,4
7189929506,3
7182602300,1
2129963795,2
7184301833,10
7182367071,3
7182465681,1
7182414800,6
7189848589,2
7184720536,2
7187968965,3
2126664910,1
7186392000,1
7184982800,5
7183195160,3
7185837366,4
7182736808,2
7187395942,6
2126756206,2
7187487404,2
7183888847,1
2125679162,5
7189878020,7
7189333305,1
7186816850,4
2129271841,4
7183256593,2
2125349580,3
2126905807,3
7188631993,6
7183983061,5
2129649610,6
7182927391,2
2128659260,21
7185481511,4
7188605110,3
7184622087,1
2126905936,2
7188347694,7
7187223211,3
7187862073,2
7183277928,4
2123877691,3
2126905501,1
7183647400,1
2125690327,1
7184920087,15
2127524340,6
7188218121,2
7188224271,4
2124510731,1
7188169571,2
2124775017,1
7189848266,5
7183184300,4
2122341335,4
2126782873,7
7186936655,5
7184286160,3
7182628547,1
7184970326,1
2125050143,9
7184982605,2
2126782861,6
7183494000,1
7184933824,1
2128605882,11
7185740361,5
7188865777,3
7185854215,1
2127347719,1
2122343102,6
7184939681,3
7184957801,4
7182683137,8
2127545411,4
2122446426,4
7186209423,4
7188751011,1
3474353287,2
7188490184,1
2128282858,1
2125683401,1
7183387113,6
7183817100,11
7182777010,5
7189941028,4
7182994274,3
7187281459,2
6466541261,1
2122270762,1
2123438038,1
7184478323,2
7182940230,4
7188241682,4
2128605868,1
7185835466,1
2126734470,3
2128601370,3
7188922682,1
6466131200,8
NA 0/0,508
7182924513,2
7184716900,7
7187439793,3
7188605544,6
2124754148,2
7184420433,10
7186678686,6
7189963800,4
7189935581,2
7185282276,1
7185742353,1
7184571242,3
7183271910,9
7183325000,14
9174415600,8
7189045750,1
2127223109,1
7185668421,1
7184957775,7
7184025160,1
2128605827,3
2124916636,10
7183533150,2
7186384235,1
2122674133,1
7185480912,4
7188913602,3
7183754484,3
7184011826,4
7184280587,1
7188490962,3
7184981190,1
7184530780,4
7189841526,2
2126905972,3
2128259008,1
7183688500,4
7182781220,1
7183612032,8
7186461118,1
7188925270,4
7187820918,1
2122830426,3
7187946160,3
2126905954,16
7185677661,3
7182935934,1
2122894204,2
7183468780,4
7187388100,2
7183735900,1
7189841422,5
7183337700,1
7184664000,2
7184463308,1
7187480333,2
7189656578,4
2124080243,6
6464005566,1
2127773555,1
7182251144,4
7187333872,1
2127885580,1
2124319026,1
7185836655,5
7182537800,3
7188572291,5
7186277680,1
7182922995,1
7188434880,7
7189376005,1
7189443635,2
7186981530,1
7185851617,3
2129278303,2
7183418280,2
6466022140,4
7187741002,7
7189045650,2
7182634004,1
7186963840,1
7187435598,4
2127992534,2
7185835355,15
7189221145,7
7188280447,4
7183266210,5
7187035400,6
7189443400,2
7184957746,2
7189843800,5
2127816580,2
7187733908,2
7183220500,13
2125793788,3
7185894312,8
7185387083,5
2128642400,4
7185836116,1
7183838998,1
2123910041,1
7188853466,3
7185836266,5
7188217850,2
7183271083,5
2122191204,4
7186818088,6
7182924623,5
7188249327,3
7186571120,3
7187714793,1
7183389201,7
7184453232,5
7185843992,1
9172377300,1
7185958400,5
7185971751,1
7184245859,3
7187973702,2
7186495739,1
7182363394,2
7186393817,7
2127120170,1
7182310100,11
7189333716,1
7184957732,7
7184686420,3
7182726483,1
2126782849,3
7189960100,4
2128666137,1
7185611617,4
7186175046,2
2126775710,8
2128605929,4
7186818287,7
7185282420,4
7186521244,11
2125050745,3
7188225186,13
7186963700,5
7185251670,6
7185852950,3
7183893163,2
7187563164,2
2127572680,6
7182364205,1
7184950863,1
7186473600,2
7188458290,2
7187894251,1
7183789664,4
7188608160,10
2123484867,1
7189774800,2
7186546377,3
7183736400,3
2128890373,2
2126616640,2
7188823815,7
2126774680,3
2126905848,6
7182922868,5
7185290767,3
7185845585,9
7182367755,8
7188177400,10
7187335024,1
7188574646,1
2125347490,1
7185995707,54
7185837510,3
7185898200,2
2125983800,4
7185742820,3
7182783630,1
7182922237,1
7189840960,3
2126854366,2
2124472020,16
7188982230,3
7187236200,9
7184713571,2
7185282920,5
2126782857,1
7185742336,2
7189927154,6
2127609800,10
7183466240,1
7186343382,7
7186861940,1
7183640085,2
7182721926,1
7184104040,1
7189234750,1
Unspecified,1770043
7183184000,16
7185846764,3
7185420006,1
7188216880,5
7186382661,3
7184551000,8
7188518070,6
7189791030,2
7189445660,2
7184650651,18
7188489247,5
7182687231,3
7183275860,8
7186215730,1
7183848063,7
7188346939,12
7183515454,2
7183309305,9
7183513450,3
7182736680,2
7182960999,1
2122893702,5
7188614461,2
2128761825,3
7185427230,3
7189673542,4
2125344238,1
7182928817,3
7186221626,12
7188887500,5
7187680057,9
7182056788,7
7187279793,1
7189781364,1
7184202600,3
7188602596,1
7185422650,17
7187842252,10
2127404900,2
3474039231,2
7185630473,3
7187310219,1
7185482415,3
7189654200,2
7182644880,2
2122455925,5
2128605834,4
7185264139,2
7182929191,3
7185836444,2
7188329366,2
7182650329,2
7188165019,4
7188225307,3
7183282105,5
7182939048,2
2124608467,1
7189841021,8
7185844730,2
7182729515,1
7189466536,1
7184512200,6
2127575274,2
2125006035,7
7185287070,5
2126787300,2
2128606006,2
7184422219,10
7182221605,1
7187820589,4
7185457095,2
7186349459,6
7188943441,2
7186253268,3
2122838055,6
7186817172,12
7186452862,3
7184853789,1
7186414956,1
7183653725,1
7183706850,4
2122811248,2
7182353600,16
7185422974,4
7183394355,4
7182825254,3
7186347167,2
7182748316,7
2124301800,2
7183022306,2
7183027900,3
7183648876,1
7187168105,4
7182926070,1
7185152160,3
7187696984,3
7182728371,2
7188988181,1
7184626992,6
7184567588,2
7182571636,4
7184212021,13
7187216410,6
7183451801,1
2124272244,1
7183562314,3
2126916119,2
2123482208,1
7184793920,4
7188304970,4
7188639829,3
7183592288,1
2127946566,3
7183858666,4
7188978600,5
7186479050,4
7185637139,3
7188608120,1
7189656533,3
7183706950,2
7182574428,6
7186554446,7
7182924628,5
7187563100,3
7188533224,1
7184522116,4
7184462726,4
2128605851,13
2127809175,2
7188922054,1
7182738622,2
7185979220,3
2129820682,1
9173266609,3
7188177700,2
7187822527,3
2129264152,2
7182924742,5
2127498400,2
7183814009,3
7185427676,11
7185265336,7
2125011198,2
7185883004,3
7188521701,3
7184415046,2
7182796500,8
2129278611,7
7183238900,2
7188296372,5
7186471113,2
7186222082,2
7182762745,1
7184238652,4
7185746032,3
7185848772,1
7186316800,3
7182774828,1
7183270895,4
7189371463,5
2126742690,2
7188331000,6
7183562220,7
