total number of rows in this file: 2933
3166705,5
3387646,4
3340055,3
1005483,14
1009129,18
3189528,4
3084058,3
3135280,1
2001107,1
1077590,1
1009444,2
1004734,10
3335262,1
1003704,4
1025240,3
4209096,2
4237084,5
1030861,3
4434899,1
4439695,6
1015129,2
1018018,2
2092722,2
2085870,3
4018192,2
4005332,15
4538071,1
3196793,15
4261925,3
1036463,1
1059345,2
1014510,2
5106503,6
2118038,3
4533541,7
1006225,3
3018432,1
3004823,2
3394049,1
1013728,1
3008228,12
4035812,5
1036492,1
1053899,13
3335931,1
3029665,1
3113228,2
1014018,3
2000345,3
3067788,1
3063507,1
3326718,2
1002615,2
1005026,1
1030522,5
1078868,4
2012411,6
1083712,3
1078356,1
3036104,1
2097309,6
1057084,2
3321865,2
5109512,3
3387654,1
3139072,5
3065299,1
2096622,1
3327829,1
4096960,1
3418383,2
3037788,1
1087186,3
5049433,6
3319419,2
4442231,1
4208826,1
1057331,4
1031595,2
3098799,1
3190165,2
1057683,1
3133050,1
1027468,44
3087482,3
3329014,3
1049876,3
4035909,1
3246787,1
3245137,2
3190273,1
4298759,1
1061339,2
1085936,1
4112143,1
1063066,1
3237201,1
4219252,1
3042090,17
3146649,6
3053912,3
3208238,3
1036145,14
2085776,3
3390709,5
5023489,2
2028934,1
1084285,3
2092387,1
1001933,1
3120877,1
3000350,4
1013622,3
5021066,2
1015068,2
1055905,2
1082337,2
3000256,2
1080634,1
4303518,1
3327755,1
1047404,1
5154505,6
1001111,3
2097543,3
4439074,14
1015728,21
2098638,2
4113578,3
3329063,10
2044271,3
5110174,4
3058088,2
1033648,4
1011066,2
1035454,3
3044658,3
3246132,2
1083311,3
3102842,6
3137725,20
2007635,1
1081389,15
1048512,6
DOP,2
4297337,3
2051277,3
3158353,2
1015809,3
1087768,5
4042677,1
1079099,1
1081734,1
2017857,1
Mayor,1
3397040,1
1002201,1
3341470,2
DASI,7
3005545,6
3166996,7
1064984,1
1003618,2
1088913,1
4454854,1
1016035,2
5002259,2
3392942,1
1089085,1
1005283,1
4134972,3
3181251,5
HRA,22
2014571,4
1035725,4
3338711,12
4441377,3
1026474,1
3059906,1
3337041,2
2002944,2
3201838,1
1018083,1
3000619,2
1003033,1
5032606,1
1055202,1
1076084,44
4104035,2
3001392,4
2011812,4
4010274,7
1086181,5
3134749,4
4285298,2
3002928,2
3057825,1
5028908,1
4283015,7
3336552,1
4454132,1
3326901,1
3013917,4
3001989,8
3117119,4
3072462,3
1064146,5
3078037,4
1055203,3
1075506,6
3336056,3
4460264,1
MNBP,2
1001959,1
1088660,1
3209738,4
1036474,1
1001162,29
4467591,3
4235658,8
1079627,33
1030519,11
1001015,122
2095048,20
3058286,6
3028041,5
4060415,10
1081052,3
2092102,1
4208850,8
1001167,2
3029569,1
1077607,2
1016057,1
2097106,2
3337801,1
2016402,6
1014264,11
1050055,1
3189549,4
3236983,4
1051374,4
4214704,3
5013950,2
4436600,6
1084695,2
1054629,5
1051410,1
1008678,1
3080124,1
3044038,1
5023873,1
1031463,2
1054995,2
3150481,4
2087706,5
1063082,8
1004177,2
2115806,8
5002888,1
1018009,3
4442874,5
3329425,1
5015142,1
1001036,2
5069401,5
3090738,2
1081458,1
4304776,3
2089876,1
3002094,1
5034397,1
DOT,11
ACS,49
1012829,2
1087561,6
3032891,3
2047095,1
3205890,10
5114603,5
4222803,1
2041874,2
4437298,3
4165352,2
1080679,5
3165232,9
3255701,4
3128994,10
4112490,1
2120805,4
1003893,2
4043070,2
3338341,1
4268489,1
4113948,1
2015493,2
1060961,5
1013643,6
4038764,1
4239450,2
1079216,38
2003008,2
2011907,14
5011603,1
1006629,1
4155927,2
3162514,2
4043525,2
3337156,1
2090411,1
3064908,2
HPD,503
DCA,1695
1076251,5
3345787,1
3329709,12
1036147,6
3071251,11
1030340,10
4083138,4
1008850,2
3058223,4
3106099,1
1009827,1
4538777,3
4197027,1
3135954,1
2114609,3
5042811,1
4245768,1
2093926,1
2014099,1
1046946,4
2092758,4
3129375,2
4215630,10
3042111,4
3337048,2
1086536,3
3227578,5
1079410,1
2101697,1
1004072,1
3324162,1
1079367,2
5087220,6
1012185,1
4067018,2
4219917,5
1034073,2
2017363,6
4060654,2
1063854,6
3000753,9
1078999,5
3003069,4
3041441,2
2041766,1
4215714,1
1084189,1
5110931,1
2001324,1
1080626,1
3345690,1
1017231,1
2015473,24
5107621,4
1085367,2
1061262,4
1086514,3
4438696,4
1014509,7
2094603,2
3399792,3
3048564,1
3324279,4
4532364,2
3059164,10
1051932,1
5000919,5
1061092,1
1081790,2
4097523,1
3237035,1
4297944,1
3340279,13
3132668,8
1024706,9
4437218,3
3210456,3
2083247,4
3001070,3
3002108,3
3212939,1
3017300,1
DPR,297
4025322,6
1000821,4
2009197,2
4264016,3
1054236,1
1014282,5
3172890,3
4112272,3
1008124,7
3189592,7
4216719,1
4192868,1
3096723,2
3394599,1
1031657,3
4119327,11
3020434,5
4537610,5
1085798,4
1081419,6
3228798,3
4100009,2
4013273,1
1034196,2
1059186,2
3146153,1
3249356,4
4005429,3
4312087,21
1054026,3
3148915,2
1082450,10
1015661,3
3192469,1
4443892,5
5000176,1
4533324,5
3008081,2
3064592,1
3059650,1
1013620,2
2118380,2
3142008,4
3034284,16
1084146,2
1006266,2
3163702,4
4052812,35
5025928,2
5003543,1
1081358,2
3059331,1
3219664,1
1086083,1
5042047,5
5107306,8
5086805,6
3337594,19
1063962,2
1019137,2
1022563,1
4196531,1
5068413,1
4119558,5
4437061,1
1006849,2
3048927,2
4303595,2
3174036,3
1058911,3
4089381,3
2041406,1
1087193,1
1081024,2
2115783,1
1032754,2
4233644,1
4583346,3
4109698,1
1063501,17
4162216,1
1004875,13
1008997,2
1052905,9
1084035,5
4017183,3
1059568,3
3081623,1
1084768,4
2074320,3
2017682,4
3337628,11
3161781,1
1012144,2
3331301,6
3336109,15
2004004,30
4111919,5
3119648,1
1081792,6
4005016,3
1000030,6
2012223,1
1077271,1
3332781,1
5002163,1
1052766,1
5107219,6
1062993,1
3237963,2
3226350,2
3097588,4
4029883,8
3059185,12
4232202,6
4275347,2
3014939,3
4195717,2
3097675,3
5069305,2
3047699,3
4081481,5
4152874,1
4310713,1
3331754,1
1083376,1
2084445,3
1080966,22
2000498,2
3171988,12
1089077,8
2005787,10
1080603,11
1060061,2
1058671,2
4212817,2
3167815,3
1003564,2
3325920,1
4181530,9
1081962,1
1009758,3
1055055,4
1049860,5
3123349,2
1004377,1
2097032,4
1081505,2
1047052,9
3151756,1
5110130,3
1009207,1
1011168,1
1032208,1
3132895,1
4258521,1
1008760,1
3229152,1
4432108,55
4209721,3
1084104,12
3329423,28
3259375,2
3334961,18
3128556,1
3215705,3
1044839,3
1014777,3
1079041,1
3147885,2
3210464,4
4094055,1
4536627,1
3319434,2
1081382,1
3136067,8
1009127,16
3233532,1
5042188,2
4234754,2
3000452,6
4022646,9
DOHMH ,1
1088471,1
5042254,1
4193302,1
1034124,3
3071908,33
4137867,3
4231223,11
1059836,2
1031026,5
3006388,3
4303771,2
1034339,1
2088552,3
5106523,3
4439682,10
4430222,8
3059350,14
5023730,12
1051496,8
1000875,1
2095160,1
3255619,2
3242304,3
2087084,3
2009011,1
3106524,1
2083146,1
4236581,1
BXBP,2
MAYOR,2
1016900,13
4274459,3
3190203,5
1001649,2
1067305,3
4236681,1
3144156,5
3080179,2
1064327,1
2057535,2
2058396,1
2013007,1
1082757,1
5033663,4
1077547,1
4185709,1
1063381,3
1015201,2
OCJC,147
5027964,4
1016226,2
3067144,1
5146616,9
2101002,6
1015191,10
5000028,8
3142417,12
3152318,4
3320751,4
2092784,1
1077638,1
3198446,1
3032794,1
3190468,2
4001423,1
3057520,2
4271695,1
1001659,2
3002557,1
1059273,1
1015916,10
5041658,3
4094271,4
1014416,5
3047597,2
3329408,1
1016997,7
1062333,1
1025183,1
5108789,2
3065048,6
4441126,8
1064991,1
3028281,1
3009822,3
None,0
1012281,2
3013418,19
3076116,15
1064704,3
3324733,3
4280089,10
3050987,1
1006319,2
5013244,2
1006972,4
3335884,4
5067145,5
2092909,1
2101464,2
4302822,4
1081112,3
1087567,1
3020373,6
5004691,2
4072178,1
3155501,1
1015175,1
2000937,1
1016163,15
3080594,1
3190419,2
1089910,5
4448875,5
1084848,3
3108481,4
3324581,2
1023451,1
1083749,2
3032091,1
2004122,2
1022573,1
5000085,9
4436348,21
5002887,7
4144442,5
4301248,3
1081917,9
3103608,1
3008818,1
1034202,1
3158826,10
3025118,3
1030923,3
3397004,1
1048268,3
4156255,3
3205788,1
4071774,1
1054472,5
2018221,1
2005984,10
3395587,3
5107577,2
4258993,2
3137929,3
3102082,1
3328847,1
3066081,1
1020600,1
1059308,10
3182890,2
1060609,3
2004395,3
1080092,19
1014268,2
3002095,6
2096399,1
3153416,4
4111396,2
1078980,8
5107844,2
3337869,3
2007977,2
4002006,1
1012691,1
1001408,12
4271346,4
4272513,3
4020648,6
5106765,6
2046952,1
2021721,3
5010296,1
1024838,1
3022200,3
1048420,4
3075688,1
3239388,1
3099675,1
4091868,10
1087782,5
5000035,41
1006817,22
2007859,3
2006203,1
1018151,10
1015070,4
1060013,2
4462294,1
4007102,3
1059712,2
1062994,1
4209099,2
3176229,1
2019744,1
3245056,1
1062503,1
3053786,29
3245024,11
3324252,3
3328133,19
4292302,3
3008873,3
5000664,2
2008319,1
1084081,6
1041281,5
3011830,1
3116592,2
5057761,1
3328051,4
1015152,6
2003561,8
5088564,2
1001820,5
2002826,8
4005262,2
4183963,5
4117387,7
2009713,1
4149982,3
3345162,2
3233826,1
3154075,1
2013547,2
4454475,142
2001229,10
4220291,4
3034334,2
3331619,6
4117295,7
4005573,8
2001136,3
DCP,1
4049128,1
4092494,6
3335129,10
4003534,6
1001097,3
4301724,9
4036162,3
2018126,10
3088977,2
4015409,1
2097469,3
1060189,1
3071095,2
4216604,4
4001428,1
3002091,2
3128885,1
3326974,1
3054209,2
4084122,13
5013763,2
5123970,6
1056670,4
4167118,3
1064937,1
5003126,8
1082781,2
1055094,2
5051624,1
4436357,1
4442431,1
4282431,6
1060115,3
3321523,2
4438378,1
3017611,3
3058528,10
1028766,2
3000010,6
4430706,2
3345246,3
4238357,2
4282702,1
1007002,1
1063441,2
2027159,2
1013721,1
4443306,6
4173029,20
4437933,7
1053944,4
1081277,3
1083202,6
3236665,11
2092761,1
3162711,4
4436677,11
3328617,15
3188862,1
1002320,1
1024967,1
3154511,2
2000780,1
1087719,41
5048637,10
1036060,1
1057889,3
3187407,2
1082715,3
3348859,1
4430299,1
4301998,1
4047319,1
1023391,6
4112217,3
1026520,3
1033711,16
4143983,3
4312083,3
4439583,5
1000025,7
1058880,3
1041901,1
4443446,2
1013628,1
5112436,5
1005645,1
3150252,3
3055278,1
3388771,1
1024982,103
3336124,4
1087822,10
4209975,6
4436690,1
1055014,1
1051206,1
4200225,2
2013849,1
1083215,3
4206248,1
4451593,1
4448716,1
4075084,1
4080090,1
1001960,4
2016403,3
2095554,1
5001678,1
1080640,15
4457760,7
3196224,1
5034408,3
3127188,9
4090456,3
4060987,1
1063719,3
3259250,1
3329752,1
4442158,2
3348092,1
1059423,2
2099027,10
1058276,2
3221967,3
3196595,1
1083599,2
5002229,4
1001972,1
1046969,5
1005186,6
3186929,2
4040486,1
5003017,1
4077527,1
4431954,1
CUNY,309
3115569,5
3000338,18
1015157,26
1081248,5
5127441,3
3059280,2
1083984,8
5092123,6
3162158,3
3068728,1
5106892,1
4284841,6
3153258,1
3063322,7
1014291,55
3337352,39
3121642,8
3391746,11
5122655,11
4270044,6
5107549,1
1058097,1
5054476,2
1080788,1
2087151,9
1080033,1
1059499,1
3259056,1
2002976,1
4264532,1
1059874,1
4458830,1
4053169,2
4277263,2
5135204,2
1034242,55
4437849,11
1084386,9
3061864,2
1087331,5
3192661,1
1084277,4
1063362,1
4088431,1
1055028,1
4536692,2
NYPD,6
5141743,27
1082282,3
2092074,3
4091421,1
4143547,7
3120264,3
1036144,1
4102669,2
4072457,3
1083725,1
1084518,1
1051688,5
1042841,1
3044037,2
1013260,5
1026330,1
5027065,3
3061496,3
3058732,3
5112426,1
2047886,1
3206224,3
3337020,1
4060621,1
3048482,1
