14614,2
10977,1
21050,1
40290-1921,1
11573,1
52411,1
95650,1
11105,5875
11358,6211
10705,3
55164,12
78704,1
60168,1
11507,1
11710,6
10028,6084
07102,2
11210,13461
78501,1
17106-6015,1
12524,1
27216,1
10274,1
07092,1
11415,3749
11361,5042
07111,1
11040,451
14228-2244,1
12203,2
75266,1
07054-5020,2
07470,1
90509,1
07306,2
75093-4638,2
11557,3
07302,8
11516,3
11747,15
11228,6061
95476,1
11739,1
80217,1
10033,14039
77036-4365,1
07546,1
11742,1
92046,1
10031,21392
55127,2
14120,1
45202,1
10004,1591
X,2
11552,3
57117,3
10604,3
30097,1
11413,8431
11217,8221
90272,1
11791-3416,1
32401,1
94111,1
11432,11350
33321,1
19904,2
07663,1
33314,1
84091-1187,1
10044,283
14850,1
23285,2
10602,3
53716-0250,1
30062,1
77437,1
10069,193
85732-2850,1
10606,1
07632,12
10027,12742
10471,2648
12345,3
07104,1
10036,7602
14202-3694,1
56303,2
10301,9884
11233,21417
10453,24728
11015,1
08002,3
11590-8901,1
63043,1
94524,1
75063,2
15108,3
13081,1
89102,1
11766,4
11530,13
33405,2
76155,1
11753,2
607141,1
51591,1
070545020,1
15219,1
13320,1
10701,1
11212,16272
32896-0061,3
30360,3
77060,2
85282,1
11375,9895
55344,7
11354,9892
08691,3
11417,6493
07304,2
11411,4061
11536,1
50701,3
55164-0437,5
55164-0887,1
60148,1
11788,3
12590-8900,1
63006-0701,2
11365,5372
10037,3610
301447802,1
67504-3023,2
91309,1
50364-0500,1
10024,8333
07071,3
07609,1
94551,1
76161-1489,1
07101-0166,1
10026,7438
85038-9704,2
NY,3
11425,1
N/A,118
11374,5756
10532,8
80202,2
10025,13038
11434,11222
11211,18547
11360,1841
11234,13754
61702,9
33330,1
38814,1
94901,1
08086,4
06260,1
38116,1
11561,7
60630,1
94942,1
94551-7661,3
90060 0578,1
11421,6825
11590-5114,5
11716-0453,2
92123,6
55439-3133,1
10029,10581
85064-2995,1
10930,1
94145-0164,1
20850,2
11803,3
01748,2
10707,5
10604-3603,1
NJ 07114,1
11590,29
11104,4694
10007,2648
07073,2
11024,1
33319,2
10159,1
65205,1
11951,1
944551,1
60656-1490,1
73155-0779,2
08904,1
11416,4396
02494-9136,1
10302,4336
51591-7774,1
33486,1
11762,1
11729,2
11412,7505
92056,1
93389,1
113??,1
10026-3117,1
11510-9320,1
14068,1
07962,1
11363,1438
11768,1
11359,19
11241,5
07114,26
10312,9678
33765,1
14213,1
80014,3
11235,14260
23502,4
77081,8
10466,14322
07018,1
11559,6
33155,1
10567,1
77252-2409,1
11243,14
432182273,1
10013,9384
111111,2
77272,2
10308,4675
11030,3
39466,1
10708,2
11782,1
66063-3330,2
28078,1
03101,1
95853-3716,1
11758,1
84117,1
55420,1
10019,11456
11225,19304
07093,6
09253,1
10162,3
19886-5153,1
44143,1
14845,1
32750,1
11010,3
07927,1
11735-9030,1
11576,1
55175,1
008701,1
11777,1
10550,2
19850,6
19154,5
10032,21134
10020,246
11791,4
63195-6649,1
11550-3800,1
10573,1
92108,2
11793,2
63141-3187,2
02061-1624,1
11736-3931,1
03079-0109,1
30996,1
12428,2
07094,2
07063,1
34604-0122,2
75225,1
08731,1
10048,55
07206,1
30305,1
02132,1
55441,1
90509-2829,1
11763,4
33469,1
11103,6866
07960,1
07660,2
53713-3954,1
85385,1
95825,1
07446-0585,1
43216,1
91365-5010,1
11356,5127
11542,1
11580,15
19896-5153,1
60197-6403,2
11797,22
18773-9532,2
0000,1
03079,6
48195,3
63301,3
11772,7
11101,9222
NONE,1
10018,3554
21014,1
43218-3051,1
07981,1
28272-1084,1
07008,1
33487,2
10605,1
11787-9006,1
30189,1
37615,1
11436,3765
18017,1
198884,1
11693,1974
11747-0404,1
09211,1
74175,1
43560-2267,2
11042,4
07103,2
01624,1
32896,1
14240,3
07091,1
60191,1
10467,27710
00000,90
10034,12048
77074,1
23703,1
44122,1
78278,2
30304,1
10469,12207
14424,1
55426-1096,2
87199-2350,1
19053,3
11096,2
44131,1
59901,1
02061-0601,1
12590,2
11549,4
?,1
10594,3
45249-1643,1
43232,1
07748,1
10314,13784
43226,1
38057,1
80111,1
18773,5
10553,2
11735-0230,2
08540,1
10005,1270
28272,2
10307,1975
10030,7325
99999,5
33771,1
01830,1
77387-8339,1
11419,8735
19154-3210,3
11369,6604
77006,1
33029,1
43236,5
50037,1
32239,1
48093,1
01810,1
11735-3931,1
89434,6
10950,1
07631,1
75090,3
44685,1
10075,3266
08701,1
10017,4457
98036,7
48237,1
11797-2016,1
30564,1
17111,2
11370,4197
89117-5873,2
10461,9619
07047,5
11801,2
60204,2
07101-0408,1
84130,3
70459,1
10282,216
10704,2
02061,7
12551,2
23285-5617,1
07076,1
30328,3
32524,1
10306,10792
10474,5068
10163,1
799981438,1
11426,3289
60656-1494,1
11556,2
10016,9435
32256-7412,3
74355,1
07361,1
10924,1
7998143,1
48195-0391,1
10459,12336
13209,3
78006,1
11420,8621
19714-7526,1
11215,14062
11704,3
28272-1083,1
10006,973
10281,23
32256,7
11590-5027,1
01666,1
11767-1869,1
11767,1
10021,5750
10465,6723
78218-2512,1
11101-2024,1
19886-5325,1
11371,33
07030,16
00919,1
98007,1
08540-1515,1
21297,1
21230,4
77253,1
90006,1
55113,2
92408,1
1001,1
43243,1
08053,1
95834-1954,1
68106,1
