3000404,5
3124269,9
1024789,8
1008240,8
3047296,7
1085679,1
1079152,4
2002092,2
3117223,3
1063538,4
1079468,1
4267990,2
1077980,1
4268835,12
4121327,4
3157466,4
5109256,3
4448806,1
4266763,2
2091119,3
5154401,2
5110026,1
1064455,4
4216253,5
2013797,1
3010537,2
4191856,1
1088750,2
1063317,2
1040471,1
1054888,1
3064260,1
3221566,2
3328370,1
3399422,1
1032540,1
1054214,2
3335858,1
3054892,1
3244597,3
1032767,6
4533656,2
4028776,2
2017588,4
2099975,1
1081965,2
5049034,1
1004946,1
4539849,3
1028832,1
2116700,8
1063981,1
1087856,2
5113281,13
1084114,8
1012493,2
1000045,3
4232960,2
5106502,3
3000181,2
1081183,6
1017221,4
1088274,1
3034430,9
1081858,7
2012934,9
4057448,3
3331741,5
1001267,7
3108866,3
2009910,2
3173250,16
1000038,1
1032551,1
2014709,1
4248673,5
1087066,1
3117220,1
4093390,1
1088298,12
3248264,2
BKBP,2
3239345,5
3045802,1
4303773,1
4171536,2
1015137,1
3398498,1
3176091,1
4040179,1
3329903,1
3058171,1
4166091,2
3119225,2
1027059,1
5127820,2
3128992,4
4015984,1
4000110,4
4297442,1
1000814,3
3000837,6
MNCB,42
3079400,2
5079412,2
3030211,1
3350437,2
3001190,2
4436784,3
3097692,3
1037605,3
1059697,1
3029076,4
1064414,1
4043925,4
3337516,1
5047048,1
3347801,1
4442288,2
3131379,1
1005138,1
1084761,3
1061016,3
5109983,2
3324617,2
4116436,3
4077922,2
4071901,7
3011532,3
4536838,22
1000867,31
1003973,4
4253478,11
1084187,4
2097027,10
5106984,13
5141913,2
3083109,1
1003932,3
1034245,2
3325707,3
1019156,6
4063315,2
3107204,1
3336550,1
1016075,1
1013644,32
4302404,3
3019495,8
1061542,5
1000000,12
4043646,5
1008626,4
4230907,2
1053504,3
4298051,6
3118700,2
2005939,2
1061051,1
4062835,1
3137111,6
3027947,3
2079113,2
4296442,3
1084119,1
3331658,2
1054391,2
4207484,1
3109467,3
1015650,1
4208741,3
1081574,1
3147385,1
1068241,1
3346033,2
2001019,2
2063542,2
1070358,13
3207035,2
3323170,1
1085673,5
1005791,1
1081042,7
2068259,2
1034206,1
3034563,7
1057789,6
3332865,2
1087484,6
1079853,1
4134304,1
1058378,3
3055165,1
4112316,2
4002908,2
3110007,1
CCRB,2
4114661,2
4177692,1
3138485,2
5106483,5
3051119,5
1013096,2
4010297,3
3018655,2
3240026,3
2013787,2
4440274,1
4239495,1
4437337,2
1014300,9
3200300,21
1020393,1
1015942,3
1075520,10
1032128,1
3080726,1
1057703,1
1019664,2
4277927,3
5004694,8
1003388,3
3006806,5
1002340,1
2092057,2
4467751,1
2001038,1
2043661,69
1063574,19
1022615,4
5157340,7
1083745,3
2095098,3
1064384,8
3033796,2
1053655,1
3423338,7
3024437,1
4533634,3
4458851,2
4098865,2
1086515,1
3086334,1
BP-MN,1
1054493,6
3189538,1
5109567,2
1001830,2
1010362,7
4433835,1
2004402,1
5118794,1
4282131,5
4193457,2
3016509,1
DFTA,3012
2092406,3
4433386,5
1080437,3
4462481,2
3018412,13
4079513,2
1079706,6
1080586,5
5150132,2
1015579,27
3135866,1
3070819,4
1054499,1
2099622,1
DYCD,7457
1079063,31
1003612,3
3400456,2
2002978,2
3029401,2
1002114,3
2098090,6
4084519,2
4286350,3
4542692,2
1076319,2
5049380,1
3183400,1
4031221,20
1038777,12
1007564,9
2090508,5
1026374,3
4430812,1
1058449,2
1062749,4
1052686,2
3324973,2
3000468,2
1013977,1
3327887,2
4303594,1
1010378,3
2078680,1
1034815,25
3326937,12
1036152,13
1064194,2
4454829,3
1061937,2
2000997,4
3067715,1
1026491,4
1064436,1
2005759,1
1034199,2
DCLA,516
BXCB,31
4143475,1
2116938,1
1059835,7
3144482,4
2051181,2
3029084,3
3081790,3
5129183,1
1055204,3
3075109,4
1055265,1
4452278,1
1012296,2
2097552,2
3056884,2
3000088,123
1001127,2
4432196,29
1077420,25
1007944,10
4586051,2
3141046,5
NYPL,2
3229624,3
1026440,8
1088686,1
3128726,1
1008367,4
4243743,2
3235056,1
3138989,5
1083967,3
1014454,32
3077956,1
1014347,7
2018218,7
1051593,2
1015575,4
1045569,4
3054864,5
3117225,1
1051432,2
3008516,2
3412888,4
5015115,4
1008452,2
2026267,3
1003778,1
1058777,3
1063275,1
2013781,3
1061865,6
5106420,2
3039628,5
4006319,10
1053563,2
3188221,2
3345791,1
3117629,4
1004406,3
3106175,7
3181234,1
4244354,4
5059604,2
3078908,1
1038464,3
3227247,4
4114862,6
1037549,10
2015788,15
2012163,5
4113673,2
2007432,2
OSNP,2
4065912,2
4092979,3
3059247,1
1087167,1
1050871,3
4315061,3
3138585,17
3347326,9
1014547,10
1053892,2
4451591,3
3339336,1
3323297,1
1015061,12
1017020,17
3332990,2
3331431,3
4042602,4
4194816,7
3336186,7
4443218,3
3167623,3
4439788,3
3343016,4
1035348,1
4207460,1
4431910,1
3000000,50
1001957,2
3181074,4
4439953,3
1063435,6
2043409,3
1041499,2
1044930,4
2000851,2
2041707,3
1057214,1
3181271,2
DAQN,2
1087469,7
QNCB,20
5032481,4
3009757,10
4540095,2
4281985,2
1084127,2
5104947,7
3170236,1
4072177,3
4006121,4
4007120,6
4436347,2
5037085,1
4175854,1
4462647,1
3002244,115
5141697,12
3075926,22
3073394,1
3155816,5
3389465,12
5049030,2
4085200,13
1055666,2
1079519,3
1054368,2
1047486,1
4439537,6
3164038,1
2000223,3
3337703,1
4239306,2
3324011,2
1034243,2
1077414,1
3381924,9
3145772,9
1079306,2
3194707,4
4199662,2
1045900,3
1005602,1
5000923,1
1078049,1
4430787,1
1015249,2
1002310,1
2010945,1
2069696,9
3348301,5
2017596,4
1061613,3
1020416,2
4108287,1
3034075,4
1077964,1
1081809,1
3083625,1
4017552,1
1060914,1
1090158,2
1082642,17
1058898,6
3331291,3
5025276,3
3205691,4
4111259,1
3338433,1
3224040,1
Misc.,4
3154215,1
3120845,2
3348860,3
3031430,5
2097166,4
3328235,3
5013676,12
3340281,5
3058187,3
1065081,1
2011182,3
4135750,5
1083741,2
2110098,5
2082595,3
1041666,6
5073865,2
4437060,1
3096541,4
4197430,21
4018140,3
4215813,8
5046266,3
3097685,9
2005412,4
5085733,9
1064415,2
3109536,3
4134450,2
3172878,2
1006601,1
4113540,1
4089266,1
4303323,1
3040992,15
4005036,1
4017846,4
1024947,3
1059891,3
2012652,4
3388698,1
5108463,4
1083385,1
3021055,1
1006818,1
4441122,1
1031445,3
4079940,12
1007025,9
1080855,1
1001399,48
3145139,6
1051499,25
1063346,4
4442304,3
4071673,3
3145771,4
3196581,1
2116211,4
5061911,1
1086561,1
2014716,1
2005985,3
3257033,1
3319505,3
1037556,1
2009061,1
1014581,3
1067571,3
1004405,1
3108829,6
1081105,2
4430414,2
3053556,3
1082579,3
1083082,1
4207804,2
1083462,1
1012300,1
1061599,2
2005195,6
5068726,2
3162973,4
1001112,1
1083203,4
1078924,2
4116923,4
3328861,1
4209889,3
DANY,3
3032886,4
3336075,1
1004301,35
4112350,4
3031482,5
4437841,4
3109468,13
4435290,4
1059714,4
3008585,1
1038673,1
3042824,1
4304720,2
5148167,2
3084438,2
1085401,20
4141870,15
5005576,8
1020597,7
1002334,9
1014402,18
3055872,1
3126488,4
3130876,3
3323062,2
1079713,3
3325144,1
4458850,4
3057701,2
4247989,1
3245723,4
1027061,2
1082033,6
1089693,3
1016970,1
4057291,3
3196591,1
2097558,4
1076474,1
2011850,1
2090982,1
3114441,1
2004693,2
1053865,2
5113169,28
1022699,11
5052791,3
4299421,2
5093264,3
1007941,17
1066494,13
4169466,1
4209646,2
3215816,4
4263533,2
2090492,1
2119685,3
4193571,2
3328857,2
2088181,1
1081614,7
3160923,4
2109483,7
1059796,11
1001835,3
1029778,7
1015862,19
3080162,7
5157282,2
4062738,1
3131454,1
3219725,2
1050057,4
3021121,1
NYPL-R,7
4257866,6
1053890,2
3079027,1
5043850,6
3069039,3
3000723,5
5119167,6
3044164,7
2014175,1
3345707,4
5109250,1
2004795,1
3081105,5
5124777,12
1014239,31
4300494,1
4275216,3
1054830,2
3032563,7
2094530,8
1014595,2
1054377,1
4038193,5
3048929,3
3090717,4
4264187,1
PA,8
3053469,12
3195175,1
4249798,4
4272243,1
1013110,1
3186454,1
4439633,1
1080606,6
1010698,1
5058202,2
3257045,2
1020080,6
1087518,2
1018010,95
1012876,14
3057638,35
4256851,4
1006416,2
5082989,1
3000519,6
2009685,5
1087080,6
2007902,1
3178584,3
1087267,2
5128445,1
2099086,3
4457807,1
3099135,2
1079916,1
1051491,9
4064334,3
3393808,4
1064892,2
3000208,3
2008406,2
4151025,3
3044631,3
1082659,1
4109329,1
1081462,1
3346314,24
1001242,1
3065733,1
DABK,4
3026581,4
4052143,3
1080667,11
1083346,1
2010197,2
3000409,1
3159677,5
DABX,7
1084519,2
1018034,5
PAQN,2
3208621,1
3176314,1
2114768,1
2000859,1
1015690,1
4040821,1
4437425,4
1017814,2
1061014,6
1080916,1
1032284,2
3084440,1
4235252,2
1000005,1
1033195,3
1064475,1
4135392,1
3137248,1
1005537,1
3255961,2
3344548,1
1087704,1
2091098,1
4431407,3
1080830,9
1057819,10
5024286,1
211 South 4th Street,1
4533226,4
1054505,3
3322165,3
5004813,4
5013344,3
3052674,1
1038593,2
1062723,1
3080316,1
1078045,2
3057521,2
1013711,4
3118505,1
3324277,1
3329173,2
1024910,6
1001672,20
5110428,2
3112082,3
3063295,6
1007816,1
2011824,4
3404803,4
1031405,5
3075643,3
3335976,1
3236496,1
4443410,1
3322532,1
3133507,5
1050217,4
4083396,1
1080709,2
4100749,2
3049275,4
4112307,3
1058771,1
1003991,1
1005949,1
5046381,1
1057798,2
1015634,17
2094694,2
3038418,13
1008036,6
1080671,17
3345502,7
2116428,6
5047668,3
1050296,5
1024811,5
1051879,1
2018139,5
1013082,3
1033555,1
1056574,2
5151263,1
3117396,2
1087777,2
3035942,2
3120447,1
1080922,7
4138273,3
3178655,3
2098380,1
3327396,1
4537449,2
5095332,3
1077509,1
3168371,4
1059949,5
1017815,4
1087293,3
3128825,2
3329650,1
1058843,1
1005192,1
5041784,1
2018117,1
5109573,1
1031254,2
3154775,4
1024743,3
1074345,3
3337872,2
NYPL ,2
3042881,2
3228718,1
1083403,1
3335257,1
BKCB,26
5000021,4
3347323,2
1014423,18
5090047,8
3345672,9
3021911,1
4070445,3
1059300,1
3059752,1
1060948,8
1036174,1
4206508,6
1085971,6
3024730,6
3058597,16
3393257,3
5027641,1
5094060,1
1055735,1
2094683,1
3013593,1
1051991,2
3116539,1
1057576,1
1060526,6
3184940,2
4237468,1
1061799,5
1034190,4
PANY,2
5005920,3
1063861,7
1014267,16
1013575,9
3326949,1
4042344,3
1083939,1
1033935,4
4299119,1
2004311,1
3057480,2
3095720,2
3007129,1
1056054,1
5109072,3
4537294,26
3398499,18
3002702,12
4276504,1
4029909,10
5000652,4
1074157,2
4215753,2
1017227,1
4117475,2
2009881,1
4219747,3
1030178,3
1001644,1
2000000,8
4072142,3
1083846,4
1034787,1
2009651,3
3189517,2
3167818,4
1001026,7
DJJ,4
1015530,1
1078031,1
3411435,2
1015171,101
3180877,11
1078979,21
3037114,1
2000784,10
1014340,1
1081503,3
4430799,1
3186845,5
1007825,3
3148497,1
4263538,1
4157390,1
DSBS,428
HHC,26
3167212,4
3000259,6
4226763,9
1056035,4
1014726,2
1050349,2
3000484,1
3146491,4
4173681,11
1079203,3
1060429,2
3170713,1
4438110,5
4030923,1
1003142,1
3239890,2
2005092,2
3328827,1
1083810,1
4208869,16
1077128,3
4010909,6
3177584,1
2096676,6
1030351,4
2003478,7
2081221,2
3031187,5
3146599,1
4256869,2
5022533,1
1082320,2
3218210,1
5113454,4
MISC,265
4239160,1
1000812,33
3000937,17
4437847,6
4078375,3
1012326,1
1059252,7
5015704,2
2002104,1
1059883,1
4024033,9
3344553,3
1042124,2
Clerk,1
4177552,3
3118688,4
1055892,6
3413782,2
4019527,1
3039820,2
3060406,2
3002248,18
4221406,2
3117292,9
2086312,8
3207036,15
1000873,1
1060198,3
2069061,1
4052694,3
1014271,1
4146290,2
3024352,2
2094685,1
4222019,2
2003631,1
3336095,8
4027091,4
3083177,1
3337842,2
1058377,2
4125018,4
1061646,1
5026076,2
1003616,1
1038592,3
1062365,1
1061484,1
1051514,3
1016971,1
3031049,4
3143523,2
2013600,9
1033687,1
1080495,3
5063495,3
3053112,2
1057786,1
1034201,3
3347167,2
4301751,5
3157760,4
4295194,1
1003732,13
3148031,5
3148297,1
4112492,4
4189422,2
1053044,1
3230968,1
3394335,6
4244384,24
1019949,14
3342259,2
1007248,5
4296282,1
5000034,9
2049410,1
3114123,3
3194151,2
1064130,4
4206748,2
4272690,3
3189571,1
4132710,1
5053576,1
1015182,61
1055983,5
1079146,15
4454258,7
1059512,2
5000187,3
3211944,4
1001842,3
2049409,7
4050460,2
1055908,2
1054635,2
1079877,2
3022708,1
2010385,2
3047996,9
1012047,4
1013088,2
5106887,4
1048492,3
1029650,4
1079308,1
4268913,3
3200302,3
1001356,1
3135750,32
4223923,6
1048714,25
3320735,2
3051656,2
3387917,6
5095805,1
2027513,4
5120948,2
3335252,1
4118538,1
2013282,2
1060022,2
1080794,1
1017947,4
5047613,3
2077617,1
3324016,3
1038657,2
1000813,12
1061801,1
2008549,1
2087584,2
3055375,1
4111203,1
1001648,34
1033646,3
3048641,3
1082121,6
3379706,8
2084361,6
2015134,1
3032393,1
1084094,3
4294800,2
1057525,3
4093076,5
3340264,1
1017589,1
1083923,3
1083933,1
1006081,1
5048350,5
2013899,1
3044596,2
4537921,1
3215797,5
4439440,48
4439444,6
1081602,10
5000063,6
3186626,2
1062531,5
1080686,5
5013580,1
3000438,3
3336488,2
1017097,2
4051865,3
5057794,1
5025250,2
1087440,2
3120035,3
4071186,1
1013547,5
1004240,2
1015254,6
2045287,6
4001900,5
2084197,3
1083890,20
3347500,5
4441780,3
3003535,4
3200849,1
3029246,1
3335934,4
1054627,2
3344162,2
3138066,2
1064900,1
4032768,1
3003572,3
1015034,9
1085140,12
1030339,1
4538070,1
1023449,8
4183717,4
4058611,1
2003280,1
1035349,3
2000855,27
1064430,6
1002330,1
3080067,2
3002242,4
3099552,1
4012098,3
2002806,1
4161977,5
4037472,4
3055377,1
3034823,6
3325918,1
5026064,2
3052305,2
3329457,2
2002057,1
3066698,1
1063984,1
DOE,627
4215617,6
1079511,11
4207093,7
1054626,1
4451970,2
4003410,5
2010092,1
3152918,1
3116918,6
1084357,8
1032613,3
1004597,3
1063402,1
1002344,5
2017341,1
1058640,7
3335305,24
3056640,6
4445472,4
5127458,2
3396141,2
3036957,3
1082794,1
1056498,2
3225585,1
1050618,2
3166053,1
1008455,1
1034085,8
1001020,3
1046411,5
4174757,1
4208818,5
1053467,3
3137462,4
1007822,2
1057058,1
4240241,2
1002669,1
2051296,32
1054952,2
2003447,6
4231683,1
1001838,15
1034204,3
3173004,3
1057904,15
3344554,1
3054909,2
1050232,1
3348771,3
2016291,2
1063925,3
2096689,1
1042460,3
3336036,1
2002823,1
1083094,1
1004760,11
4188500,4
1054474,5
3245415,1
4029578,1
1002317,2
3209018,3
4430341,2
4001290,2
1026562,1
1085733,1
4030013,1
1083624,176
1055912,4
1000820,21
1079778,2
PASI,3
2074732,2
3083929,4
1083281,2
1051430,4
5110029,1
3072057,1
1015649,3
4029691,4
3229075,4
1055891,7
4042761,13
1015097,12
5116890,1
1064259,1
3008504,1
4264631,5
1001186,12
4263457,4
5059206,2
3169007,3
4430993,1
3332264,1
DOHMH,1450
1014499,14
3144699,3
4080227,5
1032247,21
2086641,2
1013463,2
4439576,1
3025510,2
3146921,4
4448927,1
2094707,1
2092700,1
4457312,2
3032953,3
3097067,1
DSNY,41
1000832,18
1075911,5
1008186,4
1048310,7
5145698,1
1055238,3
4251941,2
4041683,1
5106733,11
1024926,6
2015735,4
1079000,3
3030553,1
2003519,1
4438723,1
2007915,27
2095480,3
2113077,17
1075815,29
5030654,1
1052080,4
BPL,6
3321766,2
1024714,1
1010421,3
2007852,2
1000819,2
4077259,3
4119305,3
1012294,1
1015491,1
2098986,1
3225016,2
5034466,2
3051169,3
4001634,1
5106233,3
1053895,2
3064901,3
3167752,23
3167817,4
1088390,29
1061605,5
3245727,1
1053499,3
2096605,3
1052598,2
1004016,1
5049924,1
3035883,2
4119462,3
3141596,1
3326387,1
4017593,4
2001850,5
1081307,4
4141687,2
3018068,3
2050158,1
4003129,3
4202849,1
2092082,2
5024834,4
1087947,3
4150086,2
4124560,1
4031424,2
5092053,1
1060502,1
2090536,1
3120796,1
1075479,2
2007382,1
3162352,8
QBPL,4
4058706,12
1026890,3
2000103,1
3107332,3
4443733,6
1050729,1
1082634,3
1044776,2
3041583,2
3328605,2
5164735,4
4253028,1
2046176,1
4295887,1
4089931,2
1082862,1
1063289,6
1015763,1
2090408,8
3243066,3
1058654,2
3155318,10
2092676,1
3060375,8
2009096,1
4189187,1
1024965,12
1014225,14
4436695,1
4259578,3
3147854,1
4297620,2
4265307,1
1013683,1
1000044,9
4009696,3
4156951,1
1044750,2
4267370,5
3259643,11
5074659,4
4441124,7
3120497,1
3061110,3
3018218,3
2114693,1
3106778,1
3141065,8
1015540,7
5083087,1
1012843,5
2000683,8
3196034,1
3336751,1
4307192,1
4042615,1
1083117,1
4215622,31
2014036,1
1064390,4
4303819,1
3059051,1
1018149,8
3135503,5
3138436,2
1053871,2
2000363,2
3325174,1
3003577,4
1051594,8
1054557,1
4445296,4
5000025,1
4216614,1
1024960,1
4440641,1
3144883,2
3339260,24
3037944,3
2000538,10
4192573,1
3197735,4
1029654,2
PABX,2
2097763,2
1023460,1
3000172,2
4077448,4
1084936,2
1006264,2
2096396,23
3161389,5
1053494,8
4301900,1
1015000,2
3344923,3
4112147,6
3348186,2
5004821,1
3336980,2
5082202,1
5051130,3
4047310,1
3018276,2
1001176,2
1000803,3
1004224,3
4204000,2
4122672,1
2003150,1
3326995,7
4590254,2
1075787,4
1000871,13
4081348,6
1084130,1
1060605,2
2090082,4
3001205,1
3068417,1
2004239,1
4235967,2
3035824,2
2070101,1
1024828,1
1036181,1
1078988,19
1080641,3
1042858,2
3178916,19
1014462,10
2001021,7
4102724,4
2096486,1
1015037,16
3335373,4
1012386,2
1083947,1
3022136,2
1015531,3
4298658,1
3027982,1
3000158,1
4279410,1
1048053,2
4142315,2
1078884,2
1015060,75
1001013,4
1044838,24
3326880,3
2088568,12
3116661,9
4205152,3
3129463,3
1030196,2
1084160,2
1017019,1
3058531,2
1076742,3
2092226,1
1015680,2
2092727,1
2009759,2
2000933,2
3392297,2
1010543,1
3004294,1
3014161,2
5025678,16
4052771,3
4208874,15
5062569,16
4440535,4
1010960,3
4075518,4
3326797,2
5005312,5
3124109,1
5060537,2
4168629,1
3332507,1
DHS,57
1063379,5
1082849,2
1019874,3
3197275,6
4064688,22
1075480,1
3001183,1
1022561,1
4438906,2
3395506,2
4036876,2
3206321,4
4194447,2
3189617,44
SIBP,8
3089311,3
5095206,3
1070696,1
3050841,2
3245642,2
1078613,1
2092651,1
3002990,3
1036082,13
1088174,4
1008118,5
3008139,3
4141868,37
4133551,4
1012827,10
3112182,2
1008851,5
1038477,6
3062433,3
4263986,2
5085543,1
3224589,1
3116993,1
1066406,6
DOITT,12
1012327,9
2001409,4
3189575,2
2109804,3
3121203,13
2011245,1
3043749,4
1001215,4
3030357,2
2102966,6
2097393,2
3330558,1
3205784,1
2011744,2
1075792,1
4286997,1
3256381,1
1015095,1
1082576,1
3047837,2
3320669,13
1028816,7
1083247,5
2085165,3
5013588,2
1032781,7
5013842,2
3133741,4
1018288,2
1087811,1
2085812,1
1079669,1
1022708,12
4439634,3
2014843,3
2115799,4
1064361,7
1013043,1
1078857,2
3188877,1
2015332,2
3329130,2
2095389,3
1006095,1
1057367,2
4136706,1
4297853,1
3120860,1
1042724,2
3414265,1
4145196,4
3189584,6
2044837,4
OEM,9
3075754,2
3061536,5
1007013,2
3081945,2
2008399,4
5155010,5
4201670,1
3180733,2
5121947,3
3348041,3
3143190,4
5000088,2
PABK,2
3188217,2
2090665,4
3056537,2
4264004,7
3021748,2
1082513,3
1078953,2
1045949,1
3010897,1
3327972,3
1058659,10
1081514,1
1062764,5
1056483,1
3325738,3
1079429,2
4437193,2
4073904,1
3177634,1
1082584,3
4050526,3
2054387,1
5064571,1
1023728,1
4189214,2
2014731,2
1014240,1
5011875,5
3188864,7
4266168,3
4244484,3
1054631,5
3042309,1
1024683,1
4088186,3
3020356,3
1060467,2
1060272,4
3398192,1
3116056,2
3196293,1
1001394,9
1018177,1
4017062,5
1077844,10
1083493,60
1027189,4
2115281,1
5026900,5
4029684,11
2026282,1
2090986,2
1081109,3
1014415,2
5017461,1
4151211,1
1063420,3
3348863,1
4208888,1
3341487,21
1001831,13
4304443,2
3125790,2
1063604,15
4433402,1
5043980,3
4002638,1
1015142,9
3339261,3
1080802,2
3077221,1
3077163,1
3014856,15
3397165,11
3332222,1
1001622,9
1053545,2
1026846,7
4268441,2
3127240,2
1084180,6
4181091,2
1049973,1
4033515,7
1083455,3
3336757,1
4263911,1
4245361,2
3337343,1
5042269,1
4000000,33
5000189,6
1082367,9
4202837,7
5013472,2
1058809,2
3039919,2
1086440,3
3180673,1
3135754,1
3196559,1
3001825,1
4113403,1
NYCHA,171
1032139,13
DSS,55
1015981,1
5109114,1
1053921,3
3185207,1
1032119,3
3055373,3
4029910,7
3345746,1
1002177,4
2099978,1
4071451,3
4010783,5
5107580,4
5000073,3
4164122,1
3126842,1
2064390,1
3057479,50
1083811,50
5000000,55
4208875,8
1089873,4
3030896,4
3185973,4
3020342,3
3031993,3
3102975,1
4047334,1
1060949,1
FDNY,109
3189002,5
QNBP,2
3002006,25
2008272,2
1057882,18
1053420,3
4041756,4
4077479,3
3019597,3
3131899,2
3109961,4
1011843,2
4042187,2
1028162,1
1055907,1
3000349,1
1079303,1
2002802,22
2047109,9
4441083,6
2097173,3
5048647,3
1002355,1
3347224,1
5151637,2
1083954,1
2002943,1
4436343,2
1001409,1
5051817,1
2096013,1
1000825,14
3013857,6
4222070,3
1015973,3
5089280,3
4043494,3
1064128,2
1004739,1
5048980,4
3002801,1
1056037,1
3063621,1
1039972,36
4217514,2
1016201,21
3092631,4
1058756,3
3324205,1
2102025,2
1083986,4
1045284,3
1001650,9
1000811,1
4166680,2
3128518,2
1000849,1
2079487,1
1001230,11
3064646,7
3033058,9
1004098,4
4014554,14
SICB,3
5037450,7
1024651,3
4029864,15
1014981,11
1062307,3
3135756,3
1055048,1
1063194,1
2010278,1
2115987,5
5005744,7
1043870,14
3117239,3
3190198,3
1060058,2
3116396,6
4458024,5
1076756,1
3100786,1
1057938,1
2003016,1
