total number of rows in this file: 102
40.606369,1
Queens,17
40.694962,1
40.712184,1
40.810952,1
40.692769,1
40.684309,1
40.720074,1
40.646286,1
40.817185,1
40.842691,1
40.648657,1
40.651013,1
40.698184,1
40.874409,1
40.76916,1
40.878889,1
40.707941,1
40.635553,1
40.832331,1
None,0
40.820985,1
40.65843,2
40.867968,1
40.774582,1
40.700894,1
40.847256,1
40.641036,1
40.675744,2
40.662347,1
40.8486,1
40.797762,1
40.815959,1
40.840422,1
40.73591,1
40.847177,1
40.667253,1
40.739265,1
40.63604,2
40.674814,1
40.822935,1
40.680919,2
40.713814,1
40.795824,1
40.704033,1
40.755488,2
40.903039,1
40.619583,1
40.817841,1
40.786209,1
