10109,1
53704,8
33326,4
43502,2
59601,1
8302,1
37660,1
96813,1
10022,2088
6032,53
11572,101
12401,16
80112,1
94502,2
33543,1
63005,3
60471,1
33544,1
10168,7
46208,1
2864,1
97355,1
14870,1
1922,1
48313,1
3246,1
27608,3
8850,4
14867,1
66216,2
30114,1
1890,1
8690,1
92623,1
11209,1851
11694,662
10940,26
85122,1
22066,3
7904,1
92780,2
15221,1
21001,1
39110,1
99516,1
28709,1
11298,1
7027,2
33415,1
11423,399
11206,917
87102,3
48230,1
22207,19
90254,1
8106,1
6051,3
70356,1
11933,4
19010,5
6794,3
77381,2
77840,1
12085,1
53209,1
7860,1
32541,1
10002,1483
10591,89
11581,140
11780,35
90049,34
11726,10
92880,3
11961,11
8043,1
23323,1
23518,1
27613,4
26003,1
12464,1
95833,1
97760,1
14513,4
10390,1
8940,4
8619,5
12589,3
60651,2
79401,1
34547,1
33957,1
89119,1
33908,4
85222,1
7843,4
20901,9
7821,7
1740,1
45140,3
20903,1
30041,5
77071,1
28273,2
97405,1
34239,1
34223,1
8036,4
11515,1
976,2
89134,3
47129,1
6451,3
33483,2
33431,4
7419,7
12075,2
95120,4
48226,2
90245,1
77479,3
33556,2
53216,2
27519,5
30039,2
34135,3
12474,1
12546,2
95821,1
14608,1
20770,2
23435,1
40515,1
33619,1
11558,18
8753,8
46385,1
10970,36
7078,92
7733,80
7109,10
7627,36
10964,12
7423,7
78757,2
96825,2
19975,1
90077,5
90001,1
33311,1
78040,1
92262,3
BS2,1
78738,1
94065,2
92804,1
33498,2
18202,2
90703,1
10702,1
90027,10
11203,797
11575,38
8060,7
11730,20
30306,11
12572,20
7646,15
7960,50
2493,4
1237,1
48111,1
92831,3
6776,6
28278,1
93555,2
10519,1
11259,1
18049,1
1301,1
63124,2
6114,1
2540,1
84093,1
77586,1
75081,1
77380,2
11222,444
11743,164
7726,90
11771,141
11939,8
11778,6
7701,26
6108,6
11703,8
92662,1
30308,4
30004,4
12477,6
5055,1
1105,1
77083,2
87068,1
97702,1
11526,1
10154,5
11373,632
11005,76
11003,133
46322,1
14221,11
27834,4
7417,30
27517,4
2467,17
2116,13
19004,2
14534,6
32225,2
94123,5
19038,7
75230,1
7663,3
1107,1
27537,1
90803,3
3894,1
10311,4
12749,1
10065,1654
10454,230
11433,526
60435,1
7642,10
23523,1
14203,3
32127,1
6810,9
9112,1
6040,1
75214,10
8033,11
55410,1
21093,1
58770,1
48377,1
37405,1
11784,8
7825,3
80909,2
33424,1
936,1
63134,1
49087,1
729,1
33613,1
20006,31
7901,58
1027,1
2468,3
80221,1
18102,4
12302,4
61704,1
89052,3
6795,1
46032,7
5819,1
94440,1
19335,2
80127,1
11053,5
11958,1
17110,3
17046,2
19104,2
8556,1
90731,2
20877,1
12552,1
18015,6
11372,1512
10035,440
11223,1383
97217,4
12015,4
10456,601
7047,41
19462,7
92657,1
19006,14
10015,9
19008,1
4101,2
10107,9
94501,6
60523,2
29644,1
27006,2
97005,1
78218,1
48084,2
90221,1
1451,3
28209,1
14586,1
7934,2
36003,1
27607,1
53528,1
15561,1
927,5
29910,1
40214,1
11565,50
91307,8
60513,1
91436,7
60108,3
33609,4
20189,4
11179,1
90712,4
49506,4
55426,1
11948,2
36695,1
11570,188
18976,2
11553,41
10977,44
3901,1
11430,11
6752,2
14202,11
33572,3
78220,1
77845,2
7308,2
46307,1
91739,2
20765,3
19809,1
93292,2
97034,1
11720,14
48197,1
34761,3
16415,3
75093,1
28546,1
19605,1
33437,6
11573,1
94903,2
60106,1
7836,2
105F0,1
40206,1
46228,1
28429,1
8880,1
12241,1
11358,798
11105,1113
11507,112
10705,97
91505,9
11710,104
78704,2
6483,1
60093,4
7050,10
32080,1
12459,1
19111,2
19807,7
14208,4
12414,4
33767,6
1201,1
11256,1
8801,2
60607,1
52302,1
91104,2
10477,1
89074,2
10028,2990
11210,1266
10920,25
12524,7
12180,7
2482,3
1028,2
21224,1
32447,1
22306,4
78501,1
53545,1
80333,2
96822,1
92075,2
12578,1
32804,2
28805,1
94158,1
89704,1
8901,13
8077,1
11415,240
10804,260
2143,5
11200,1
10274,1
19701,5
19003,8
33180,21
90056,1
60647,5
37220,1
46107,1
32765,1
30310,1
8066,1
63188,1
23229,1
12051,1
10376,1
77565,1
95019,1
92263,2
96521,1
1170,2
11361,494
8205,4
12203,28
11040,343
7748,26
7661,39
6854,9
12202,8
20115,3
754,1
22307,28
7073,9
22003,2
53140,1
33763,2
3431,1
35242,1
13424,3
10585,3
8889,4
74136,1
11654,1
33967,1
2748,4
10551,2
32766,2
75001,2
63141,4
11705,9
7640,14
6798,3
20037,14
32550,1
3304,2
19096,12
12736,1
7420,1
19107,9
61201,1
11297,1
34986,2
19805,1
83646,1
64112,7
55337,1
13212,1
30064,2
84105,1
10217,1
73717,1
47711,4
10962,21
19129,3
2215,3
92660,4
7435,2
20866,3
20105,4
8080,30
75028,1
60616,3
21212,3
37206,3
12538,1
97224,1
13205,1
728,1
78620,1
60187,2
11557,125
19103,78
7067,7
34110,2
31901,1
8535,5
92127,1
22079,4
70816,1
94526,2
48187,1
32746,2
44321,3
33404,2
1O463,1
19150,1
14564,2
92117,1
78781,1
92630,1
78727,1
10916,3
10173,1
52556,3
7474,1
725,3
19086,1
11424,5
11516,78
28480,1
22101,12
10542,1
94530,3
12189,2
22031,5
92411,2
90021,1
53210,1
1742,4
7704,7
1604,2
32207,1
14889,1
35173,1
6475,5
89135,1
90263,1
94804,1
11228,850
10956,134
10983,18
11747,114
12019,4
60203,8
20740,5
95476,4
14905,3
8004,1
11739,8
95648,2
49509,1
91606,1
3870,3
94086,1
33576,1
12271,1
96826,1
90133,1
68114,1
84010,5
10510,105
10033,896
46321,3
10987,5
10913,25
10560,25
11742,12
6117,5
7111,6
92037,23
6379,2
94304,1
94105,8
2460,4
92121,1
46637,1
21217,2
2025,4
19808,1
37201,1
2134,1
11511,1
28403,1
10031,1388
66207,1
7624,32
33143,13
18330,4
48307,1
3755,1
33156,16
7760,20
19341,3
91789,5
75220,1
35243,1
32219,1
8005,4
7727,4
90601,1
8403,2
8085,2
60035,6
11956,1
94563,2
27127,1
92557,3
1018,1
11410,2
11552,73
10004,495
18324,7
11723,1
10604,50
46204,1
93427,2
8757,5
30097,2
77805,1
77019,17
8736,13
33629,10
7924,24
92553,1
97202,2
48346,1
24450,1
7005,3
7832,1
60009,2
9010,1
2356,1
23510,1
98383,1
19116,12
10482,1
70125,1
1262,1
12096,1
85027,2
11217,1606
11413,607
60463,3
10541,58
20036,39
10501,11
8525,5
19145,5
95014,3
4046,1
90272,13
90232,5
10928,2
8610,2
30342,9
23601,1
7732,3
48182,1
60637,3
7112,5
70127,1
8802,1
89503,3
1950,1
7484,1
10046,1
10066,1
2176,7
10373,2
33444,1
90640,1
11432,1081
33321,8
11731,43
7432,3
13202,5
11022,2
8648,8
29812,1
10112,3
44074,3
32609,2
11268,2
1741,1
75043,1
94111,2
85020,1
33314,1
16441,1
21085,4
Mk109,1
94041,2
11070,1
968,2
98674,2
10008,13
2119,2
34109,3
7608,2
7260,1
80230,3
49712,2
32819,2
11940,3
27514,2
627,3
70116,1
6113,1
12147,1
97212,1
605,1
38108,5
95460,1
13203,2
10044,349
10069,254
12210,141
10606,39
11755,16
6890,18
8226,1
14850,12
24091,2
816,1
6804,5
12520,6
10602,2
35650,1
33307,1
10313,3
7522,3
12010,1
2653,1
30062,2
94019,1
76904,1
89511,2
14057,1
91030,2
47720,1
6457,7
60610,23
38120,5
2908,2
70130,2
6510,4
20816,18
94010,12
11959,12
10516,12
M5R,1
16063,2
77090,1
68516,1
20715,2
30045,1
45430,1
81632,1
2043,2
14051,4
99802,1
12570,4
12017,1
77096,1
91801,3
11702,40
10036,1126
10027,1221
10471,754
75238,1
6861,1
7065,24
8752,3
19066,10
2007,2
94941,4
95035,2
60178,1
78205,1
30214,4
70001,1
1122,1
74103,1
11011,1
23060,1
1129,1
6871,1
11337,1
46902,2
27403,1
2641,1
35294,1
2645,1
70896,2
19115,2
90395,1
10453,483
8204,11
10301,1148
11233,1161
12528,5
12186,5
94602,3
7632,62
22901,7
8550,38
21842,2
7034,3
7203,7
77036,1
12106,3
85259,1
27612,3
731,3
89137,2
34746,4
11706,42
14454,5
20007,85
7718,1
8750,2
95448,2
33037,4
94306,13
21087,1
48304,2
10356,1
15108,4
14094,2
14727,1
76040,1
20013,3
28801,1
14519,1
2050,1
11971,3
19446,4
89102,1
91101,1
1595,1
92407,1
78239,4
94607,1
11530,261
60626,2
11766,16
11753,160
1037,1
96815,2
10175,5
11814,1
19025,4
7082,9
34685,3
94023,2
90406,1
46804,1
1983,3
20676,2
31909,1
79925,4
14624,2
1123,1
15825,1
33405,1
78628,1
94701,1
7071,15
30022,7
7730,4
10701,128
7648,18
46617,2
18938,13
44114,3
21239,2
10976,1
13320,2
11936,1
13905,2
11786,3
26201,1
27455,2
18091,1
90806,1
91911,1
778,4
11212,380
10989,35
10546,2
91607,5
8062,1
19123,3
90404,10
33801,2
10317,2
81122,1
10479,1
8853,1
30296,1
12569,2
12742,1
32666,1
11775,1
50112,2
10050,2
11957,1
53189,1
8048,1
12540,6
7060,30
33160,20
8096,3
12601,10
60609,3
90292,7
6516,9
84158,2
85282,5
7757,7
34741,3
98052,2
739,1
20906,4
37221,1
6412,1
99520,1
2861,1
31411,1
66211,1
44102,1
11712,1
11375,1555
11417,253
6511,38
11354,1057
7751,38
33317,2
10925,5
10643,2
33071,4
75062,3
1126,2
623,3
95470,1
12458,1
80211,1
28203,1
27518,4
19026,5
31410,1
78751,1
35758,1
77547,1
11411,515
11788,68
10598,96
7102,20
19135,2
10980,13
7647,6
1923,4
8618,5
90028,9
50701,1
28031,1
2813,3
85395,3
48315,1
12020,4
10101,1
55108,2
48348,1
4096,2
99362,3
41302,1
2771,1
3245,2
6078,2
82414,1
7043,60
11365,785
10037,377
11716,8
12087,1
2446,14
6902,54
12220,2
8515,3
94960,2
8859,9
39213,1
91356,2
36040,1
27407,2
8512,2
95611,1
40831,1
85268,1
38138,1
12567,2
3230,1
13440,2
10024,4175
32828,7
7456,12
34236,7
76542,2
94134,4
12815,4
7036,19
6031,3
63108,1
55446,3
78753,1
55405,3
33027,3
97520,1
2132,4
48141,1
75002,1
63130,1
92118,2
32833,2
12748,1
20042,1
32809,2
60060,1
7776,1
8406,1
33014,1
46052,1
10026,738
1225,2
NY,2
11425,6
33131,19
21215,4
11123,1
14209,5
20120,2
8886,4
75205,3
94116,2
60169,1
33764,2
27301,1
76014,1
41783,1
14864,1
30337,1
7074,1
1581,1
3062,1
7810,3
11374,372
7430,31
12550,26
49508,1
60467,1
8902,21
10580,226
10532,21
7106,3
13214,2
32911,2
37066,1
7081,20
12440,4
13035,3
47906,2
10174,1
20190,4
7857,1
2141,2
20778,1
80202,2
5445,2
12501,4
33040,6
8102,1
18062,5
94127,2
84060,3
40505,1
7891,1
10025,4173
11360,660
11234,1605
11434,922
11211,1141
7626,66
7436,7
2186,6
7940,14
8755,8
20176,6
7011,2
90020,5
6888,1
90047,2
36602,1
35801,3
28173,4
6053,1
33330,1
91108,2
1760,3
2125,1
96712,1
10095,1
46218,1
88007,1
10536,111
32835,3
6824,45
6432,1
10909,1
31414,4
60077,8
94901,10
1221,1
1602,1
44333,9
3101,1
33409,2
14207,1
95321,1
32583,1
60604,3
8234,3
30152,1
10963,1
34114,1
33394,1
54956,2
21727,1
2052,1
1081,1
11561,156
60613,6
11560,116
11724,37
30102,1
2445,16
36104,2
60630,2
20017,6
22405,2
28208,1
15650,1
60422,2
92881,2
55118,1
55311,1
5456,1
74114,1
77406,2
77706,1
92886,1
63383,1
2879,4
70124,1
12491,2
5470,1
46060,1
10931,1
10966,1
7604,6
11421,252
7930,12
10579,15
7974,9
7042,95
92123,1
12250,1
94301,12
15301,1
65802,1
93614,3
6470,2
12776,1
77581,1
76205,1
11927,1
50315,1
29464,1
33169,5
68124,1
54501,2
48025,2
33176,3
12304,1
95816,3
13776,1
12001,1
89014,1
7030,169
10029,1164
50543,1
10930,15
48910,1
20018,8
18940,5
L9H,1
11227,1
91750,1
37211,4
22310,4
80016,1
7088,2
4038,4
64113,6
10535,1
20886,1
18505,1
4473,1
11328,1
46635,2
19060,1
10595,67
60438,1
10707,46
11803,130
7070,25
6042,1
90265,9
12309,21
73060,2
20855,4
75218,1
20850,4
44112,1
92673,2
20772,4
21234,3
64128,1
7057,4
25443,1
6525,2
2238,1
50323,1
46112,1
1944,8
777,4
11104,504
10007,925
11590,163
60657,18
11024,135
97006,1
12157,1
11932,9
12764,1
33062,3
94577,1
10121,5
90071,4
45226,1
94915,1
80121,1
33316,7
98407,1
12544,1
62974,1
99201,1
11389,1
47326,2
11790,9
1011,1
7104,32
83814,1
20011,30
11244,3
49424,3
55104,2
10159,3
85058,2
11951,11
20781,1
60137,2
92705,1
1960,2
80027,1
7514,8
30066,2
14216,2
2184,1
65205,1
8806,2
33319,1
12581,1
76140,1
60650,1
86305,1
55408,1
2563,1
11416,216
10302,208
11016,1
11762,51
10151,11
7457,6
11770,3
60618,2
78232,1
45231,1
90302,3
20602,2
12525,4
14303,1
21046,1
93111,1
10106,10
60660,4
11960,6
2881,1
62221,1
7665,1
91748,7
91776,3
11412,552
11729,30
30094,1
21029,2
33301,16
32720,1
94122,5
11752,6
10276,2
20019,4
10503,6
1752,1
48374,9
11013,3
13830,2
14901,1
1867,2
8075,2
40223,2
19061,4
94533,1
83501,1
6247,2
8807,16
14580,4
13088,1
11953,5
14456,5
10170,9
94124,1
2333,1
7008,22
6401,1
8002,2
63122,1
33185,3
14551,1
60642,4
78216,1
98368,3
93405,1
94945,2
10094,1
6035,1
28409,2
13868,2
907,8
44111,1
8848,1
98166,1
47905,2
11363,661
11241,118
33304,4
7023,3
11768,71
12165,4
10113,6
11359,1
12084,6
46809,1
28613,2
12410,1
23606,3
80906,3
7001,1
8863,1
14011,1
6818,2
34120,3
10726,2
33328,3
92708,3
34684,1
92126,1
65803,1
11783,40
10520,52
10312,955
12230,1
80521,4
7310,37
94028,4
12577,3
14612,9
14213,1
1778,7
33606,2
18045,2
6793,2
8572,1
12077,5
22027,2
1085,4
80014,1
6242,1
45206,2
25504,1
1150,2
13750,1
78240,2
44313,1
12575,1
70703,2
17374,1
7426,3
11235,1503
10466,347
10506,97
7410,24
19348,12
32958,2
78731,3
11804,21
2492,3
11174,2
30601,6
87109,1
94517,1
25801,1
92674,1
76015,1
48371,3
43068,1
91355,1
2021,2
8544,1
89032,1
58701,1
4274,1
11093,1
646,1
10279,56
6084,1
20004,29
7603,10
12201,11
11559,223
10590,24
32792,1
11122,2
60047,2
38112,1
88590,1
17590,1
27610,6
45475,1
95076,2
33441,1
1220,1
50201,1
33155,1
11821,1
76462,1
10567,63
11243,21
78629,1
10583,678
94027,6
94114,28
12583,3
98146,1
8086,1
13753,2
30223,1
31210,1
5401,2
93950,2
98105,1
10508,4
1748,1
10600,1
60411,3
92637,4
85643,1
90291,23
92109,3
92663,1
40245,1
21244,3
13790,3
53211,6
94133,4
29831,1
13207,4
16057,2
6450,1
91327,1
60301,3
2120,4
94801,1
11907,5
47112,5
91803,3
10013,2093
11020,144
60655,3
10538,216
78702,2
94115,27
11935,5
7458,47
33132,3
7442,4
3885,1
70065,1
98121,6
33701,2
16803,2
70185,1
60043,2
12495,2
98293,1
89123,1
1226,1
33020,1
10587,2
6790,1
960,2
77023,1
91755,3
11758,157
11030,526
10308,342
10708,198
8543,1
6515,6
11782,15
30349,3
7828,3
32937,1
12148,1
94518,1
32601,1
30075,2
18018,1
1801,2
14521,1
77042,2
64064,1
55424,1
44124,1
28078,2
78253,1
7636,1
27705,1
10958,1
7801,1
46123,1
45245,1
10019,1521
11225,1150
33076,6
1985,1
15208,2
10162,68
11937,96
7950,20
11930,11
27523,2
11954,3
77057,3
18436,4
6410,3
30317,4
48331,6
77024,3
12563,3
91506,1
10596,1
61032,1
70806,1
8088,2
4105,1
32218,1
15243,2
78541,1
7657,15
3096,1
11765,14
19422,2
11941,5
45249,1
14214,7
27703,2
85258,2
19146,2
21037,1
1230,3
20783,1
60632,4
14845,2
11964,3
54481,1
10556,1
12486,1
96744,1
11271,1
II412,1
6426,1
14620,1
60430,1
10401,4
11010,55
20015,42
78245,7
27513,2
11975,7
8079,16
12594,3
28126,1
13114,1
2458,7
92501,1
23114,1
13846,1
46787,1
90209,1
2474,3
13756,3
98236,1
44030,1
22213,1
20197,1
1929,1
5254,1
15205,1
32124,2
2891,1
60638,1
11576,295
17569,1
10952,64
60304,4
60015,18
78746,4
94061,3
2368,2
95054,7
30309,6
28791,1
89129,1
10275,2
92057,2
20735,1
31401,1
10863,1
37214,1
7504,1
2909,2
27949,1
10108,19
11777,11
60089,3
10120,3
12519,1
7016,18
10105,5
84115,1
6484,9
40504,1
2476,4
30013,1
77005,5
33612,1
95023,3
1009,4
13731,1
85006,1
85375,3
60659,1
23116,2
7440,3
12678,2
95817,1
M4Y,1
7495,1
81050,1
94904,2
10032,1016
60625,6
7033,2
11791,291
10550,77
33141,20
10020,41
2332,9
29576,1
6092,2
91601,2
19154,1
23505,1
84103,3
13355,1
73118,2
34608,3
2150,1
7501,1
90815,1
99577,2
18000,10
6710,1
48202,9
10053,1
94803,1
11301,1
6770,1
55105,1
91007,2
11793,87
10607,33
10573,81
18346,4
10166,31
8542,6
48075,3
19106,16
77082,2
44022,1
98042,1
80516,1
94702,4
6763,1
11009,1
92108,2
7211,1
44236,2
40111,1
9208,1
95126,1
2124,6
7920,27
7032,21
33549,4
6783,3
2568,1
94108,1
17603,2
91010,1
6255,1
73012,1
98107,2
85745,2
75209,1
94121,10
12018,2
94510,1
28422,1
29205,1
2030,2
30034,2
32605,2
22205,12
96821,2
4210,1
33435,3
7091,1
12428,5
75225,3
19153,1
8884,3
95762,1
85641,1
33060,1
21218,3
30904,1
89117,2
99712,1
90011,1
46311,3
8879,12
30213,1
21078,1
30305,3
14211,4
30331,4
48104,3
70072,1
11512,1
23464,3
60069,1
33334,4
55409,2
32903,1
2662,1
32821,1
33178,2
75605,2
15216,1
94588,2
909,1
60620,4
7512,10
12306,1
10111,9
28312,1
10083,1
21403,6
11727,18
33157,2
2142,1
11763,13
LS11B,1
19046,3
105r3,1
33469,1
8740,1
K2G,2
77573,2
77025,5
7961,1
48121,2
969,6
25425,1
11103,730
11025,3
8857,28
7063,3
7304,20
94703,5
53132,1
7303,4
13066,3
37215,8
1258,3
8518,1
94531,1
7026,2
28269,1
94089,1
7840,2
15232,2
19034,8
94705,3
95822,2
85260,2
10041,1
32236,1
10070,1
20040,1
911,5
75016,1
6424,1
7092,7
11356,289
11580,209
11542,102
21706,1
10689,2
8731,1
94619,2
12574,4
90213,4
6615,2
90004,11
7421,1
3076,1
42628,1
10364,1
80204,1
14103,1
43215,2
58102,1
95441,1
91387,1
6784,2
11382,2
76527,1
11797,104
94965,2
22903,2
37205,5
91710,4
53045,1
21804,1
78259,2
M2M1Z,2
65,1
12547,1
21710,5
30329,1
11101,730
10018,349
10566,30
60640,15
7086,29
11772,26
12065,25
11832,2
6878,42
22204,8
7469,1
19119,9
94507,1
33711,1
92231,1
80304,3
43212,1
60619,1
10125,11
20124,5
60516,1
15142,1
11538,1
92866,1
94547,1
53202,1
10605,105
7405,14
37216,1
97401,4
91977,1
60603,5
33487,10
6089,1
98116,2
4578,1
10155,10
2135,2
29403,2
12901,2
2461,2
19143,4
2878,5
24529,1
10117,2
5478,1
49117,2
40502,1
6052,2
22150,1
80537,1
32065,1
97733,1
11568,147
60417,1
11436,156
6830,176
10123,17
7105,4
E7N 2,1
7871,13
10527,9
18017,1
78759,1
22042,3
75056,4
90066,5
60473,1
93923,3
27606,2
93003,2
78748,3
85048,1
6010,1
4676,1
29063,5
19330,2
19152,1
16040,1
33322,6
11721,34
60202,13
21044,13
28412,4
19072,6
8536,12
55448,1
22401,1
1029,1
11719,3
61614,2
97124,1
1797,1
1233,1
22905,1
10923,1
20001,171
11693,166
7205,12
8805,8
7076,49
64110,1
60615,10
775,3
78701,5
93420,1
95030,4
90401,6
94925,1
11027,1
18702,1
79935,1
12062,1
63102,3
8754,1
30642,2
96757,1
11437,2
33481,2
3302,1
8510,6
10984,5
11042,33
34242,2
22305,5
32955,3
12549,8
20724,3
7936,5
20904,4
7907,1
8221,4
4103,2
45230,1
10063,1
17036,2
64116,2
19707,2
85086,1
6477,4
98111,1
80108,1
70128,1
12983,3
90405,16
7024,111
12496,2
90210,37
33446,8
22033,8
73070,2
10082,6
1810,5
92506,1
97225,1
60191,1
6492,2
28080,1
10857,1
30157,1
32825,1
11950,2
1545,1
87123,1
17043,1
11449,1
10119,1
15146,1
32807,1
10467,525
10034,548
7722,58
7666,165
11503,1
47401,3
7055,14
19350,3
7677,23
33065,4
8823,8
92869,3
55403,1
18428,2
2130,6
30269,1
12779,4
59937,1
77266,2
92315,1
20825,4
30301,3
77550,2
30622,1
85248,1
2001,1
735,1
721,1
13421,1
7302,149
8831,67
2067,2
7068,31
80015,1
19604,1
11202,22
44122,5
85253,5
94402,6
13736,2
22936,1
90068,15
80504,2
55987,1
73101,1
15228,2
49170,1
7204,1
28540,1
23703,3
27704,1
70113,2
49007,4
37115,1
96816,5
3908,1
8821,1
92625,1
11345,1
90015,1
33559,1
10469,731
1553,1
19035,5
8844,11
7206,5
91344,1
14424,3
15233,1
95032,1
12047,2
78255,1
61525,1
13055,1
97302,2
19053,1
85355,1
60419,2
11096,21
10122,6
12205,11
28277,6
98112,5
19114,2
33179,3
12590,23
7044,29
1151,1
98101,3
7461,5
1118,1
27702,1
44131,1
18426,1
80302,2
602,1
11715,5
93550,1
49009,1
27597,2
60612,3
55406,1
85029,2
10576,59
60409,2
41501,1
10594,15
21048,1
28104,1
10914,1
7062,7
8049,3
6705,1
12521,5
97220,1
8852,6
6107,2
80123,1
11949,2
12768,1
10314,1596
7059,49
33140,26
10507,12
33411,5
10582,2
6105,3
53719,3
34736,2
20832,2
7735,4
3104,2
38004,1
3102,1
27511,6
30161,1
93546,1
34235,4
34228,4
831,1
60526,2
2822,1
31088,1
10553,33
10005,311
18104,3
19406,1
30336,1
8105,3
1730,1
33761,1
1121,2
49503,1
94558,4
12783,1
55415,1
93921,1
80439,1
60091,6
87571,2
11748,1
6095,1
55804,2
91501,1
7850,1
47143,1
2128,1
6371,3
7090,88
22302,13
20008,74
7094,35
19130,15
34293,3
33139,40
18458,2
7928,59
22202,10
5753,1
20147,4
7830,12
40243,2
75762,1
22312,4
89113,5
5655,1
20603,2
12641,1
87594,1
1101,1
43202,1
18623,1
10030,438
11596,92
10307,378
8830,8
7631,92
12553,24
10968,5
19899,1
66209,4
10326,1
73116,1
8520,3
20108,1
8401,5
30101,3
34207,2
99999,5
30344,2
49512,2
10927,1
21208,2
13601,3
92371,1
76134,1
83001,1
28405,1
30355,1
21233,1
11587,1
18701,1
77449,1
11419,322
11369,308
10994,22
6870,17
91302,6
98115,3
60025,1
33029,3
18944,1
38139,1
20607,1
60487,2
77006,12
8534,4
35217,1
96701,3
97089,1
92325,1
2539,1
78404,1
47804,1
98026,1
21236,2
20874,5
80903,1
11092,1
63105,4
13502,1
77401,4
43402,1
75223,2
7721,2
43219,3
95050,1
2301,1
13505,1
30340,1
48458,11
89406,1
43725,1
95618,1
98038,1
28210,3
27817,2
33618,1
37701,3
11315,1
13812,2
10075,1394
7660,14
20005,65
10950,60
7039,100
33511,1
22030,13
32137,3
20878,26
78613,2
97211,2
29492,3
12814,1
85018,4
97219,8
46220,4
21818,1
48423,1
77007,1
44685,1
3051,2
23227,1
33785,1
10017,874
8820,45
8046,3
6039,2
6415,2
2852,1
19317,3
7003,25
92868,1
1178,1
44504,1
64151,1
21201,3
19802,2
19118,9
46205,3
99352,1
27614,1
94087,1
1102,2
87112,2
29202,1
14206,1
24014,1
2907,1
48237,1
99114,1
36117,1
96913,3
11054,1
6456,1
7095,2
89103,6
95811,2
23836,1
8861,2
46202,1
12076,1
88355,1
90277,1
2045,1
95835,1
77067,1
94707,3
1776,2
11346,1
21797,1
19012,1
94066,1
11370,412
10901,79
7869,21
7740,23
7719,8
90019,6
10695,1
49017,2
75248,1
29662,1
22044,4
71106,2
55811,1
12804,1
19021,1
48214,1
93105,3
20092,1
95616,1
17042,3
27604,1
17111,3
7724,21
2114,5
11248,2
90069,48
77084,1
11962,2
94005,2
90024,13
30076,3
34952,2
13786,1
23005,1
85209,1
98333,1
76544,1
73117,1
7933,1
2472,3
10680,1
34277,2
14301,1
45039,1
32771,2
12801,2
11257,1
92709,1
15217,7
10461,663
60641,3
20016,106
10282,164
20002,52
19007,2
11801,91
8904,8
10118,2
33009,7
94704,5
33602,2
34102,3
90065,7
92653,2
77219,1
20148,1
13778,1
33434,4
M6C3E,1
33323,1
70459,1
47714,2
7103,11
10704,88
39060,1
2905,7
30044,5
30043,1
1002,7
2655,3
5672,2
4072,2
47408,1
33921,3
2911,1
11853,1
15017,4
14487,1
13413,1
43023,3
17011,5
14434,1
12046,1
11546,1
55418,1
25770,1
7110,20
47240,2
8054,11
22180,8
30328,4
13210,5
28212,1
83353,1
2535,3
33327,3
32822,1
79124,1
7029,3
37067,2
2451,2
78213,1
61602,1
61063,1
M4V2S,1
92102,1
72701,2
81623,1
10131,1
2420,1
2171,1
66604,1
73170,1
94553,3
10306,959
26505,3
10474,56
12303,13
85016,3
46268,4
28227,1
12182,1
8628,1
10163,15
91401,2
33154,5
7656,6
22032,1
77099,1
4106,1
1945,3
14865,1
12057,1
21122,1
33138,3
90755,1
72704,1
93110,1
60302,2
11919,1
7367,1
37377,1
21742,1
48033,2
95609,2
48164,1
10016,1729
11426,254
10126,7
11732,20
11764,13
10158,26
7010,37
2382,1
11751,40
45215,1
92011,2
6443,10
60643,1
91406,2
10924,15
80918,1
11556,9
97693,1
19144,3
19460,1
46545,1
10172,3
77382,2
85050,1
8061,2
10800,1
95617,1
98045,1
12580,1
10043,1
44273,1
2780,1
2746,1
11420,290
10459,281
12771,4
11952,19
13685,1
22201,22
90036,21
12719,1
6471,4
27527,1
33458,1
52001,2
30024,1
78229,1
37920,2
79927,1
76110,4
60090,3
4538,1
19133,1
94574,2
6473,1
6438,1
18337,1
29209,2
32082,1
99645,1
6472,1
11215,3238
10006,270
11704,31
10281,7
48336,1
20854,50
8833,9
60622,17
60201,8
22153,7
33414,5
36013,1
1803,5
35805,1
95111,1
1970,4
33436,1
45327,1
43213,1
55421,1
80465,1
87505,2
84085,1
94549,1
98136,1
78735,1
91731,2
7513,1
11767,16
8827,2
18302,7
94608,5
6863,1
11108,1
34747,1
11260,5
48105,4
21136,1
11396,3
60680,1
2818,4
93441,1
79912,2
27408,4
24941,1
6482,1
10554,1
90240,1
19720,1
19971,1
2096,1
12427,1
10021,3208
10465,636
33408,11
33166,1
11336,1
11371,4
48911,2
44136,1
1844,4
11349,1
81435,1
20716,2
49301,1
21214,4
93422,1
55902,1
11305,1
12824,1
87047,1
12711,2
85100,1
10078,1
7025,1
61853,1
80233,1
47597,3
11969,1
7446,14
1691,1
21231,2
33068,1
14226,8
46077,2
11513,4
92101,7
20012,10
33484,3
96814,2
30311,1
23102,1
10153,5
95131,2
10324,1
66251,1
33614,3
918,11
90010,2
86351,1
13201,1
10992,17
6880,122
7470,41
6488,2
11533,1
18034,5
94110,25
1001,1
22182,9
21230,4
75019,3
90006,1
11461,1
8087,1
95140,1
55113,1
48390,1
94598,1
11031,1
8829,1
13082,1
91409,1
33896,1
18466,5
7452,16
63011,2
20817,23
91103,5
20782,8
7307,20
85242,1
10505,6
60540,3
20774,7
6058,5
34229,1
6068,1
89141,3
SW18,1
33704,1
20112,1
77040,1
32963,1
95159,1
79937,1
72032,2
27617,2
33073,2
29201,1
3033,1
11567,1
12212,3
35201,1
74137,1
