total number of rows in this file: 4847
11563,61
11722,14
94102,11
28117,1
13865,3
6731,2
80305,1
9009,2
12529,7
7762,8
91910,3
22121,1
18947,4
7711,4
20868,2
77339,1
60070,1
24504,3
30002,1
19095,1
10436,1
43085,1
75007,1
11205,1154
11236,1003
10309,560
7650,28
10603,45
7655,1
8092,1
11247,5
22314,26
94610,5
94404,3
33615,1
2110,3
2464,2
80301,1
11313,1
40353,1
4975,1
63126,1
60491,1
10338,1
11106,605
10801,152
6903,46
90094,2
29401,4
30324,5
926,6
93013,2
33707,2
7208,5
90211,9
23236,1
8832,1
12204,5
95834,1
94613,1
50230,1
23462,1
30088,1
1746,5
11351,1
17901,2
19549,1
7263,1
34711,1
33558,1
10730,1
2898,1
919,1
6820,69
60661,2
12067,5
6850,16
85142,1
10993,3
6106,1
5408,1
7054,21
10110,2
94568,1
55412,1
31005,2
13027,1
2888,1
27701,2
27560,1
77375,1
17545,1
94015,6
30815,1
75158,1
11218,1123
8701,61
7093,52
10805,40
11795,24
1121O,1
3902,1
22043,1
6033,8
48335,1
81611,6
20723,1
10481,2
63021,1
75219,6
8502,7
7014,3
7013,11
1773,1
24244,1
7544,1
11002,2
87107,2
79705,1
21117,3
5048,2
46033,1
5450,1
10452,799
11510,168
7746,45
94550,1
8691,5
7976,21
12508,14
8053,5
85251,2
60143,1
77098,6
19333,1
12466,4
17403,4
9028,1
22508,1
14227,2
1880,2
66043,1
2129,2
6605,1
52246,4
33480,54
10523,36
6883,48
12531,2
94107,20
15103,1
14618,11
8824,9
32301,3
75251,1
80401,1
11578,1
90407,1
4685,1
43054,2
53217,2
33129,1
76039,2
11965,7
14701,1
75287,1
76120,1
33187,2
7685,4
15203,1
78254,2
33470,2
10512,22
19085,14
2144,4
6612,6
12498,3
60611,27
98011,1
20020,7
95670,4
70119,3
23831,2
92116,2
67006,1
55110,1
21221,1
2199,4
23112,1
10557,1
6069,2
7980,2
76137,1
10407,1
49083,1
48183,2
38104,2
47130,1
90802,4
11428,168
34119,1
33445,3
11245,3
10169,4
32159,1
90042,4
85254,4
11376,1
20861,1
30017,1
45069,3
13126,1
1304,2
78223,3
11749,2
12192,1
91001,3
85032,1
89703,1
78736,1
80026,1
75948,1
6609,1
11237,367
10710,138
7012,14
7621,25
11718,14
44505,1
85648,3
48120,2
94534,1
12307,1
63103,1
21045,3
10177,1
80218,1
75070,1
7625,3
92129,2
94070,3
20722,1
11280,1
12838,2
6460,3
727,2
80120,2
10803,190
11021,375
11379,623
11756,52
1236,1
2138,31
20024,17
8758,1
98144,3
8876,3
90026,8
2115,3
33510,1
94062,4
92038,1
19312,5
5101,1
79932,1
15065,1
29909,2
11467,1
34345,1
40220,3
7101,1
12211,155
12144,19
11798,19
7508,4
14217,4
63131,4
7652,43
11738,7
66044,6
7702,5
87111,2
18411,4
21228,2
11306,1
31047,2
92624,1
23455,1
93906,3
89755,1
32802,1
12941,7
85374,1
17834,2
37043,1
72714,1
90503,1
7644,3
11539,1
27516,2
11184,1
22797,1
33127,1
7134,1
32779,4
33611,2
80224,2
98109,1
33463,9
30290,1
33028,1
29536,2
32003,2
91301,1
85015,1
10068,1
979,2
34201,2
46158,1
55992,1
90029,1
11364,635
7006,56
2139,16
6757,8
7072,6
94542,1
98104,3
11000,1
44512,1
27712,2
45238,1
32327,1
83406,1
55442,1
93720,2
25414,2
75672,1
25401,1
6385,1
7037,1
53558,1
8882,1
70508,1
11109,142
20009,147
12158,10
2180,1
6119,4
2108,6
20751,1
17652,1
6825,5
30127,1
85544,2
20818,2
91709,1
7927,4
13820,1
10974,4
30281,3
12078,3
55357,1
45044,2
10263,1
30144,1
98033,1
6831,157
6851,12
10589,28
10703,44
11249,346
12603,11
48324,1
91604,10
10918,16
33109,4
12125,2
48103,5
78257,1
32780,2
21701,3
94596,1
55401,1
28513,1
7720,4
27410,1
37204,1
94706,1
71434,1
46254,1
97707,4
19311,1
13902,1
11001,154
10012,1118
33162,2
6877,30
8215,3
10058,3
10502,54
33410,11
12123,3
22209,11
19702,2
12733,2
90275,3
4355,1
8203,1
30326,2
44720,2
78705,1
30215,1
30060,1
8654,1
85004,1
19151,5
32960,3
7750,17
23507,1
78666,1
95830,1
14127,6
8828,1
30345,2
94104,1
90041,1
30338,1
11571,2
11238,2291
11385,613
8742,30
11978,9
10039,325
8840,19
12402,9
70118,2
13031,2
94730,1
30067,1
94040,3
20746,1
2155,2
60193,1
22124,1
70122,6
78664,1
23701,1
55422,1
2149,1
90290,2
13312,1
12917,1
4631,1
11388,1
98402,1
7601,32
8527,35
30313,25
18103,2
7058,16
44425,10
10124,3
27420,1
33428,4
18438,1
20032,1
20136,2
2111,5
34491,1
14450,8
70471,1
12766,2
33713,2
10890,1
48067,2
18451,1
8865,2
11745,5
12747,2
95110,2
32713,1
11427,441
21108,2
6109,1
18064,4
21801,2
60564,1
12566,4
11582,3
30350,2
8332,1
28604,1
1215,1
80303,1
64105,2
91754,8
34275,2
76052,1
92596,1
91006,4
45208,1
60515,2
10530,76
60477,1
10104,5
48221,3
6807,17
6405,7
7662,4
33181,4
94131,9
48302,4
15238,7
23434,1
21638,1
62301,1
53215,1
11068,1
81101,1
87529,1
10010,1441
11367,711
11255,6
11968,79
11120,1
20720,2
50310,1
33569,2
12993,1
9972,1
48375,2
37934,1
20052,1
50613,1
33811,1
60131,1
7717,2
18977,3
85087,1
11589,1
2339,2
46303,1
33433,3
60654,16
6606,6
8540,49
18349,1
22315,5
33449,1
70053,1
8110,4
20500,2
12701,11
94002,4
95119,1
3833,4
92692,1
33324,5
12831,2
22134,1
20117,1
32940,1
966,6
737,1
98225,3
10954,39
10038,794
60155,2
12754,2
6704,2
10150,6
10178,13
20707,1
12866,20
10152,6
7739,14
94022,10
48301,2
80210,3
35222,1
14425,1
36111,1
18951,1
33069,1
66205,1
80540,1
53563,1
11520,134
60633,3
11717,30
7080,6
21144,2
7035,6
11464,1
22309,3
7737,2
92410,2
94303,1
3087,1
77002,9
10077,1
10853,1
77027,2
29631,1
44142,1
1938,4
2113,1
57530,2
19519,2
89128,3
10009,1583
90230,3
10470,131
11754,14
10709,58
60605,6
12518,4
91311,2
13204,2
33021,8
33130,2
7643,1
2019,1
22181,5
23668,2
34202,1
92100,2
85021,1
6517,7
78058,1
70068,1
92865,2
65101,1
6512,2
37055,1
99708,1
48362,1
35209,1
10128,3332
11355,1095
20853,2
19147,14
90266,13
2478,17
46530,2
90067,16
77079,2
94043,2
7945,23
7540,5
23222,3
7921,4
23451,2
78734,1
97008,3
11987,1
7805,2
92234,1
12775,2
96819,1
91411,1
30126,1
7002,35
11239,119
10464,194
12533,17
19102,4
10926,4
30307,5
7066,3
19041,3
21209,9
88001,1
49909,1
60101,1
77459,3
2816,1
75033,1
12409,3
23220,3
93021,1
33473,1
33312,4
89501,1
89031,1
12188,2
11350,2
18058,1
18077,1
8330,3
98118,1
99016,1
30083,1
11566,146
10450,3
78201,2
20191,2
33193,1
14072,4
SE12N,2
94612,7
30303,4
91403,5
92651,3
85750,1
80077,1
5346,2
29306,1
85304,1
11634,2
56560,1
19122,2
32308,2
75801,2
1054,1
1045,1
6661,1
70056,1
6801,2
30030,10
97201,1
10476,1
85250,1
13215,2
30291,1
19002,3
8514,3
15237,2
94601,1
10514,175
11501,103
7645,8
12208,39
1062,4
1379,1
85541,4
62712,2
27709,2
21042,4
2630,1
87121,1
45244,1
79907,1
46802,1
7827,1
27546,1
48642,1
83340,1
80403,2
96753,1
78739,1
1609,1
78756,1
32907,1
34669,1
10933,1
84108,1
11213,855
90403,11
53711,1
27526,2
20815,58
19022,2
44113,1
66202,1
7607,8
87506,2
92137,1
32801,3
90014,4
3801,3
89109,4
6111,2
10574,1
30318,2
19063,2
77389,1
33417,1
93063,1
917,5
47591,1
60617,3
10562,68
6897,32
18326,2
80220,4
28425,2
80238,1
13208,3
78717,1
7041,27
7490,2
91364,2
90012,9
2903,7
33980,1
8559,4
34134,1
11973,1
28202,2
45701,1
7856,1
63146,1
48009,3
7502,3
18222,1
60706,1
5303,1
11518,33
11554,128
11787,86
11050,339
94920,5
10960,46
10597,12
97068,2
92009,3
48219,2
35401,2
33010,1
64759,1
17363,1
92107,1
93101,2
95124,1
11555,2
12738,1
2005,1
7715,1
95116,1
95831,1
91745,7
66224,1
11357,1057
60628,73
6840,74
2642,2
2421,7
12061,9
19973,1
8836,3
92694,1
92612,6
92509,1
57186,1
94401,4
48188,2
99801,1
68507,1
89012,2
11517,1
27262,1
13346,1
6844,1
10475,270
7676,47
8029,4
10457,509
60453,4
91423,7
11579,18
30040,5
19426,2
11796,3
33401,7
NA,3
7716,7
8057,6
94085,3
20895,7
19050,2
11802,3
49855,1
98005,2
7766,1
90016,1
97214,2
89108,1
29223,1
46142,2
0,1
15101,2
11314,2
21211,1
18848,2
90058,3
11226,1118
11214,971
7670,135
1004,3
20902,13
70115,13
75455,1
91701,1
98275,1
94410,1
21405,1
33309,1
12729,1
84120,1
92128,1
48322,1
92561,1
95631,1
2703,2
11224,776
8854,24
60614,25
21601,3
2840,6
33067,8
12136,2
91711,2
10285,1
14222,7
W1W6X,1
60606,2
22024,1
10423,1
6422,7
98801,1
77043,1
55419,1
7560,1
7300,1
959,1
38305,1
33015,2
6600,1
10552,113
7079,77
7649,30
34243,17
37929,3
8008,2
90501,1
18902,3
6785,3
11931,2
20905,2
7021,13
30357,1
85298,1
19044,1
77004,3
77010,2
34221,1
40471,1
20059,1
33066,1
2557,1
14602,1
7401,23
22102,17
11934,7
46312,2
12545,10
6514,2
6896,7
15206,3
7018,7
60045,7
8724,11
24416,1
7202,3
94930,2
79902,1
67901,1
20090,2
21061,1
12183,2
33478,2
2131,5
19382,4
84106,1
94794,1
11263,1
11414,434
11221,1015
7087,20
12833,1
8812,1
11514,13
60076,4
80207,1
89148,4
38119,2
28803,2
23228,1
10483,1
80247,2
34072,2
98245,1
12433,1
11809,1
7326,1
95051,5
11435,658
7306,38
11714,77
6812,18
7407,5
6468,7
91367,4
7444,3
22039,11
13326,3
91011,20
11967,2
8872,7
60010,5
30096,1
15601,1
12308,1
1ER,1
10921,3
30566,1
30122,1
13903,1
928,1
13428,1
11004,207
11231,1231
10011,3338
28025,1
94609,3
1266,2
10509,12
94618,9
85266,1
7069,14
19027,6
12480,2
19444,12
6002,4
24360,1
19606,2
89139,1
83617,1
12209,3
94954,1
21703,1
24083,1
8148,2
11019,1
92071,1
53085,1
11916,1
87508,1
95135,1
63870,1
91105,1
None,0
18020,1
33331,2
7922,21
30082,8
20912,16
6604,3
80206,9
77077,1
10116,7
7255,1
48207,3
90267,1
3110,5
8810,3
78212,1
93109,1
41008,5
28692,1
66104,1
29405,1
52402,1
EN89L,1
60068,3
29412,1
20706,3
32302,1
6608,1
12060,1
46567,1
91107,2
90034,3
12443,13
91106,4
4646,2
19810,1
10156,1
21075,3
90035,4
97232,2
33305,9
20132,2
8098,1
88253,2
76265,1
14075,2
20164,1
953,1
11107,1
33101,1
40208,1
35111,1
10549,109
33025,5
55101,2
64106,3
20852,10
17055,2
60062,1
53154,1
8083,2
15001,1
4843,1
64590,1
15239,1
98117,1
75035,1
29602,2
17331,1
76182,1
6437,10
19081,5
3128,1
33496,10
11285,1
1543,1
90038,4
90017,11
68154,1
1462,3
7756,1
21131,1
10489,1
33755,1
75228,1
10310,534
10473,517
11229,844
7764,5
8620,2
10969,2
11509,33
11976,17
95064,1
94305,3
7022,7
60194,3
75149,1
12404,7
21210,7
33407,3
43773,1
89028,2
2210,1
10171,6
12448,1
11258,1
10673,1
63116,1
61605,1
11230,1401
10528,89
8837,22
33133,22
11595,3
19001,3
10522,48
8052,2
2638,2
12184,6
90045,3
85028,6
75229,1
8558,10
11046,1
90630,4
81005,1
32223,1
7606,3
33527,1
50309,1
92014,1
53705,1
43,1
17601,1
18405,1
95815,1
10268,3
99687,1
22152,1
19020,1
33134,25
11181,1
4901,1
44118,1
98226,1
85716,1
19127,3
90040,2
96773,1
23832,2
98110,2
14225,1
14215,2
36830,1
92504,1
11216,1148
10014,2051
10305,618
8825,5
94112,4
33418,15
80201,1
92672,2
6093,2
14201,2
78665,1
20171,5
8056,1
22407,1
94545,2
34786,2
80524,2
27106,5
34744,2
90293,2
46040,1
32118,1
15091,2
92106,3
66208,1
17522,1
10270,1
91765,5
7981,5
1106,4
12835,1
30135,4
7311,2
93644,3
98387,3
10592,2
72207,2
5677,1
90274,2
7480,1
10683,1
5189,2
55435,1
18301,4
10280,388
11418,382
64153,1
2554,10
20747,4
43201,3
2118,10
19342,9
80226,3
55057,1
60601,9
1749,1
98004,1
80503,2
92592,1
1254,6
53044,1
76549,1
27591,1
71104,1
29451,1
84109,1
6513,4
11438,1
12585,1
60016,6
912,2
11746,249
11023,112
10463,1291
7481,35
8816,73
14468,1
90402,12
8012,10
13104,2
84310,1
3905,1
33716,1
11383,1
99504,1
77346,2
91040,1
92679,3
8730,2
11942,3
32164,4
10696,1
90625,1
73072,1
98332,1
36549,3
14224,4
66203,1
8021,4
30536,3
10185,3
91362,3
89115,2
19405,1
3444,2
33477,5
12206,3
59086,1
90813,1
89507,1
37208,1
11696,1
93103,1
38901,1
27856,1
19963,1
93654,1
40508,1
30038,1
10462,840
11550,123
33325,4
11242,23
27103,2
7712,13
77030,4
30033,2
90278,2
61938,1
27615,3
7946,3
11502,3
2077,1
8530,4
33462,1
89101,2
19040,1
2766,1
14228,1
10544,2
33781,1
85284,1
10001,873
11697,124
10455,264
7017,2
2140,5
10548,22
8817,13
29745,1
89509,1
18920,2
17965,1
94119,2
15222,3
20654,1
39402,1
63125,1
8034,6
11691,730
11368,415
11735,47
11713,9
91316,4
30052,1
5840,2
12502,6
80203,1
94024,4
94039,2
7723,14
94063,1
18344,1
30333,1
11789,4
71854,4
12494,1
90032,2
18801,1
91732,1
19047,1
11102,775
18013,3
11709,24
2360,2
93108,1
48071,2
94403,3
95864,2
19968,1
28557,6
15212,2
75201,10
55115,1
36528,1
18831,2
20705,1
76048,1
60423,1
11422,452
97205,1
10996,1
94103,9
34653,2
40059,2
14852,1
1845,1
14607,8
12564,19
93314,1
92677,1
22192,2
92094,1
60130,1
84111,1
12219,1
56601,1
34233,1
95687,3
11208,907
90666,2
33137,10
12515,3
28374,2
87501,6
4107,2
32824,7
6417,1
33032,1
8084,1
11901,8
6015,2
20067,1
17026,1
11060,2
1550,1
10253,2
21409,1
87199,1
63132,1
15522,1
13676,1
19131,1
63109,1
91203,1
11574,1
12207,109
11963,53
7009,24
1060,9
11090,2
30047,10
20871,1
20169,2
7045,15
48601,1
43821,1
53207,4
1007,2
47980,1
8108,1
11986,1
32667,1
50010,2
19128,4
21030,2
28590,2
11452,1
63042,1
22002,1
11204,1045
7463,5
11548,20
11740,23
60188,1
20785,4
10511,3
90212,11
84403,1
6907,3
33026,1
89169,3
2631,2
60602,2
94949,1
6876,1
91377,2
97210,1
34983,1
16652,1
37129,1
33184,1
10304,1049
10533,85
10601,60
20814,26
11232,226
2481,16
7424,9
34231,4
6777,1
94025,16
44094,1
19401,1
13219,1
78703,1
80113,2
24018,2
1453,1
32086,1
90740,1
11757,43
21076,41
10547,8
10588,3
33019,8
7747,31
10460,438
32967,3
2906,8
39886,8
60022,4
85719,5
98103,4
1580,1
27959,1
70810,1
94506,1
19403,2
22308,4
14604,8
29928,1
48224,1
12592,1
97229,2
46168,3
10303,233
33467,4
33308,14
7040,70
10165,16
11352,1
7028,30
92024,13
22304,9
14610,6
6881,2
12461,2
10526,10
11528,1
90046,45
1257,1
7755,16
79938,1
13152,1
34055,1
28512,1
17050,3
98032,2
1267,1
1108,1
92376,1
46012,2
11429,298
15560,1
3038,1
6855,2
13501,5
22203,10
19301,1
10103,17
11380,3
33149,6
6853,13
30327,5
7114,2
6378,3
79930,2
40241,1
773,3
60527,3
20813,1
W85BY,1
78768,1
11646,1
95818,1
5257,1
91740,4
60174,2
6338,1
10458,621
10941,3
10706,106
7605,38
7506,7
1502,1
8055,10
94118,15
5068,1
20166,2
96807,1
30316,3
75165,1
2673,1
33472,1
18914,2
22185,1
14305,1
716,1
64155,1
31602,3
44077,1
6360,1
12489,2
11366,328
11701,31
63017,2
6905,22
65203,2
11442,2
19067,6
20177,1
7758,1
92614,2
33186,1
22301,14
76013,1
44139,2
28301,1
75243,1
12305,1
23692,1
1851,2
7849,5
77056,5
12118,1
93933,1
8031,1
75709,1
10468,457
10472,417
33931,2
7052,107
1040,6
7031,18
78209,5
1908,1
8505,5
91342,2
48220,1
7834,5
8099,2
37203,3
17264,1
78502,1
10003,2265
11207,1063
11598,162
30093,2
90064,17
28270,1
33442,4
90039,7
28804,3
76107,4
27376,1
18360,4
75252,1
7853,3
79936,2
6489,1
802,1
36064,1
83014,2
12449,3
22655,1
7077,1
84032,1
92845,1
77092,2
19806,2
11362,402
60139,3
7046,28
8003,9
90048,28
94611,13
12571,10
73112,1
18353,2
30009,2
92130,6
90013,2
95436,1
33064,5
19901,3
29707,1
33647,1
14472,1
60707,2
44240,1
12053,3
8551,4
5403,1
33090,1
27948,1
67201,1
6811,10
11545,229
10129,8
10504,155
20910,24
91109,1
11431,7
60031,1
60521,2
85383,2
2459,8
46278,1
34203,2
1832,1
90732,1
10023,3982
94708,15
92007,3
4019,1
20194,3
94539,11
2127,4
95037,2
75503,1
19958,3
22191,2
22572,1
95945,1
92028,1
34759,1
20033,2
12503,1
16101,1
60067,3
12131,1
10319,1
11033,2
10973,1
7020,52
7083,28
92104,5
3871,1
94117,29
28211,1
85718,6
60103,1
92251,1
5251,1
11944,7
15701,1
1921,1
70047,1
95814,6
34105,1
53726,1
17815,1
52240,1
13323,1
13850,1
54880,1
10880,3
12548,1
19141,1
90005,1
11779,21
12561,14
94030,2
19087,5
12159,16
8822,6
6680,2
17101,1
98102,10
98841,1
91521,1
30120,1
7201,7
23607,2
33413,1
33455,3
48124,1
40517,1
70433,1
53713,1
68131,5
10091,1
12441,1
91602,2
40014,1
92067,1
10451,425
11378,310
11792,6
12054,49
7004,6
1541,1
6001,5
7630,13
19518,6
20003,61
22206,6
20165,1
92352,1
94129,6
30319,2
94555,1
59401,1
48532,1
8560,3
75023,2
87197,1
95661,1
96080,1
55347,3
90241,1
11330,1
37122,1
60415,1
93706,1
10040,568
7731,8
7641,24
54868,3
13224,2
33152,1
13760,2
94709,7
27406,1
1464,1
11619,1
37212,14
13078,4
13211,1
43221,2
6062,1
98043,1
24179,1
11577,169
11219,906
11741,22
11725,62
7866,13
10570,61
33610,1
27886,1
6070,7
40503,1
7753,5
20010,30
18705,1
30312,2
55416,7
7107,3
7738,8
13118,1
10922,2
5491,1
98260,1
84070,1
80205,2
30058,2
8081,2
6066,1
22046,1
14233,1
33142,1
8016,2
72703,1
11692,93
7728,37
92064,1
7305,69
12110,41
21206,2
23669,1
44134,1
30339,5
2657,1
2145,6
7628,8
22025,5
22041,10
29407,2
98119,3
95409,4
60563,1
4967,1
99354,1
19465,1
8322,1
75231,2
14223,3
11481,1
11275,1
55345,1
47203,1
7690,1
85742,1
8611,1
14043,5
7450,53
7620,65
21133,1
10965,23
70117,1
95937,1
10518,32
19355,4
48108,3
2163,4
28105,5
29577,1
48823,1
22603,1
98133,3
92821,1
12582,3
61944,1
80223,2
76051,1
18974,2
18510,1
19464,1
11377,919
8723,11
11439,1
6762,5
56074,1
7931,17
87104,2
92103,12
6611,11
18901,3
3910,1
12721,4
95125,2
34698,2
2494,4
19073,3
19428,1
64131,1
81301,1
19124,2
76016,1
92629,1
14609,2
10230,2
48236,1
12484,4
97103,1
46038,2
20744,1
18764,1
78023,1
91770,3
60008,2
11733,27
33432,20
10764,1
28215,5
90025,12
85255,1
104,1
6756,2
92223,1
17702,2
34990,2
14817,1
6320,1
11265,1
33165,1
89510,1
12586,7
94109,33
10524,10
11776,19
8858,9
7734,3
12534,5
11769,7
19454,4
33146,6
15207,1
43450,1
31028,1
77018,2
17013,3
6796,1
1171,4
2038,1
21204,1
92377,2
15213,1
11201,3510
10990,22
60441,3
60646,2
8873,22
10577,83
10543,123
11977,16
11451,1
93117,1
2168,2
6478,1
90505,2
12514,3
21043,3
18350,1
5065,1
28226,2
10271,2
94132,1
V2S,1
98408,1
10917,1
11220,745
11569,14
7675,68
7932,15
20745,1
91361,2
12058,1
11946,17
6901,4
34108,6
9SR,1
98503,1
90043,2
37738,1
2465,2
