total number of rows in this file: 1068
11722,4
`1003,1
11563,1
11236,2231
10309,553
11205,387
10272,2
11247,1
11106,1253
10801,12
08861,1
96196,1
36077,1
60661,1
13027,1
11218,1196
10805,3
11795,1
11137,2
37089,1
04035,1
87107,1
10452,896
07712,2
11510,17
34446,1
17033,1
75500,1
10856,1
-1,2
10512,1
(718),1
11428,260
10169,2
07501,1
1412,1
11237,1029
02446,8
10710,6
12307,1
zz369,1
11379,1397
11021,9
10803,1
90026,1
11467,1
1236,5
16503,1
x,1
11756,1
14217,1
11798,6
07204,1
11,3
11306,1
`1110,2
29607,1
11738,1
355 O,1
33028,1
Saman,1
34951,1
11364,1655
28314,1
11109,255
07670,2
29469,1
Nike,1
07307,1
20818,1
11249,396
07002,1
10703,3
112,1
10244,1
12603,4
21701,1
07921,1
10012,498
11001,119
22209,1
04614,1
10502,1
10039,146
11238,524
11385,1531
44108,1
1429,1
07080,1
23183,4
11427,789
1215,1
91783,1
07086,4
anony,3
1136,3
10530,1
347-6,1
None,1
10010,810
11367,419
02118,1
11120,1
80079,1
07016,1
22315,2
1124,1
22367,1
Compl,1
19138,1
zapat,1
10038,410
10954,2
12866,1
10150,6
93465,1
11717,6
11520,4
19814,1
07305,1
28216,1
10009,2257
10470,102
08902,1
14150,2
GeaKv,1
10709,1
10128,2605
11355,1468
11136,1
07067,1
06320,1
11239,97
10464,77
33473,1
19102,1
08873,1
21209,1
77459,1
08106,1
10926,1
11566,5
10450,2
45241,1
02139,1
1045,1
43103,1
11501,4
55635,1
11213,605
1213,1
917,1
95404,1
11632,1
10562,3
oGTdy,1
16,7
11050,4
10960,3
11554,1
01367,2
11063,1
43439,1
66055,1
06606,1
91208,1
11357,236
19973,1
02472,1
45373,1
10457,1870
10475,80
05871,3
2000,3
08232,1
19050,1
10000,2
11214,1417
08201,2
11226,3246
07751,1
11028,1
1906,1
11224,1941
07106,1
15658,1
10552,5
18847,1
10142,1
08817,1
1141,1
18902,1
07075,1
07621,1
10867,1
11263,1
11221,1045
11414,38
07081,4
76132,1
07869,1
01101,1
28803,1
75025,2
11435,434
11714,3
11967,1
10011,1644
11004,379
11231,519
01158,1
1010,1
25297,1
18020,1
36606,1
KPAVc,1
None,0
10116,11
06516,2
21229,1
ZiwpT,1
33331,1
07147,1
New Y,3
10156,3
07726,5
08055,1
14075,2
10549,1
1058,1
33025,1
17055,1
07024,12
11229,5414
10310,888
10473,277
56649,1
3350,1
11230,3227
10522,5
1030,3
-1046,1
06801,1
08859,2
11193,1
90040,1
29490,1
19020,1
01014,1
14215,1
85716,1
10014,1288
10305,2406
11216,501
06510,1
08638,1
94545,1
94112,1
10545,1
11138,2
11418,270
10280,116
12457,1
79901,1
10463,703
11023,1
07735,1
11746,2
98332,5
10185,4
Busin,1
08054,2
10462,630
11550,15
11242,3
32818,1
10001,835
10455,250
07740,1
19018,3
11697,4
10548,1
1232,1
39402,1
07731,4
11691,400
11368,2683
11735,4
29169,1
17343,1
11713,1
11102,295
32304,1
98087,1
48901,2
93108,1
11422,175
07057,1
12219,1
60130,1
36265,1
11208,812
11901,1
81201,1
21030,1
12207,1
11963,1
1007,1
69026,1
29708,1
07625,1
02400,8
11204,1580
07201,3
-1136,1
07624,1
01001,3
97210,1
donde,1
Jacqu,1
10304,2238
your,13
11232,583
00674,1
10601,1
20814,1
07850,1
78703,1
34231,1
10460,837
11757,1
\1121,1
10588,1
10303,742
11352,9
17050,1
33308,1
1046,1
11429,180
10103,2
10408,1
0763,1
52108,1
cheap,2
07205,1
10458,2194
10941,3
11443,2
14305,1
44077,1
20166,1
30316,1
11366,272
96793,2
76178,1
nike,2
10468,856
10472,257
1137,1
mbt s,1
11207,1839
10003,1544
18360,7
11598,2
06278,1
75011,1
11362,401
02906,1
92130,1
adida,1
19901,2
N/a,2
10051,1
11545,1
1134,5
27536,1
07675,1
11431,2
10023,2965
33813,1
07087,6
19958,1
10319,1
32751,1
1208,1
0775,1
94117,1
98102,1
1000,4
06451,2
02657,1
11378,977
10451,383
93706,1
08846,1
12758,1
10040,584
27406,1
13760,2
07011,3
23509,1
13211,1
43221,1
KicRf,1
11219,1788
20010,2
11577,5
11741,2
11725,3
10570,1
11692,143
29407,1
11240,2
23669,1
11275,1
70117,1
18510,1
10965,2
06105,1
12582,1
11377,4678
11635,1
16087,1
07652,1
97103,1
12484,1
34698,1
104,1
11265,2
90025,1
28215,1
10201,1
06601,1
11776,2
43153,1
Linds,1
10524,1
11201,1409
10543,1
10990,1
11220,1956
14122,1
11111,1
11036,1
1234,2
11569,1
10022,774
07722,2
12401,1
08628,1
11572,6
07003,3
10168,2
n/a,48
08401,2
43055,2
31791,1
11209,1391
10940,3
11694,29
36801,1
57747,1
11206,1577
11423,429
37167,2
19134,1
01056,1
10002,2353
11581,5
11961,1
10591,2
1210,3
12589,3
33908,1
48215,1
1740,1
12075,2
07604,1
1-312,1
27519,1
06051,1
02421,1
33311,2
11386,1
10964,1
11203,1148
11575,2
28213,1
12572,1
42420,1
11222,561
11703,2
11743,3
10154,1
11771,1
11373,1558
11005,85
11003,26
07724,1
07035,1
11433,383
10454,1127
10065,578
01219,1
07207,1
19104,1
07310,1
17046,1
18102,1
11372,2965
10035,511
11223,1749
10456,794
75516,1
10015,1
11565,2
32778,1
11317,1
1231,2
-,1
14882,1
11570,3
10977,14
11430,5
11553,5
07605,2
11720,4
00693,1
33437,2
07657,1
11105,266
11358,301
10705,11
