7183534553,6
7189436303,1
2129560855,1
6463934065,7
3474052546,1
6466481243,1
2127408655,1
7182247888,1
7183218194,1
7184588579,1
2124530558,4
6466735560,1
9179629988,1
2127445905,1
7185484990,1
7187744131,1
2128647900,1
9176614500,1
9175657196,1
7183242854,1
7188764752,1
7183757635,1
7188326041,2
7188289772,1
2128624181,1
7188426880,1
7186211081,1
7182926909,2
2129961716,1
2124709541,1
7185454040,1
7187307531,1
7186366980,1
7183283536,1
7186832013,1
7186386910,1
7182630740,2
2123588489,1
3475336120,1
2127600755,1
7185893595,2
7182990300,1
2129951430,1
7185835502,1
7186886372,1
3475338933,1
3476629703,1
7184839290,1
9146106550,1
7188325858,1
2127481225,1
2125711840,1
2125673200,1
7182590100,1
7189205818,1
2128286104,1
7188225186,1
7189498405,1
3475104892,1
3473053333,1
6468599119,1
9175657804,1
2024035000,1
9175880477,1
2124270320,1
7189436308,1
7182350064,1
7187226001,3
2127694160,1
2029395305,1
2126522803,6
7185740261,1
7185840980,1
9178823747,1
7183842314,1
7187206110,1
7185837366,1
6469966940,1
7185316600,8
6466784451,1
7186718550,2
7182513700,1
7184553988,1
6462141069,1
7184737527,1
7183199156,1
7186277680,1
7184682500,1
7184542100,1
9173919333,1
7183688414,1
6467732649,1
9174264002,1
7189935495,1
7186520227,1
7185494700,1
9208407524,1
2127877120,1
9175668264,1
6468599115,1
9178318775,1
7186026082,1
7184531001,1
2122025761,1
9735171727,1
7187336748,2
7183819653,3
9178413117,1
2122837044,2
6314558394,1
7185730781,1
7184565437,18
7183899044,1
2127609600,2
7188472100,1
7187388100,1
2126868888,1
7186366900,2
5163186250,1
9178286376,1
7187161196,1
9178425421,1
7182926246,1
7187964724,1
7184015650,1
7183653725,1
7189922528,1
9178286377,1
2129458373,1
7183630730,1
2129627817,1
2129494920,8
7187826334,3
9172724089,1
2125332020,1
7182751031,1
3478214226,1
3473209234,1
3475815233,2
7189381888,1
2126780037,8
9292342821,1
3474616648,1
7184495000,26
2126309655,12
7187949750,1
7188323726,1
2123429525,1
2122223132,2
7186940895,2
2128286756,1
9172133807,1
7186425360,1
6465315480,1
9142306557,1
7184804311,3
7187719000,1
7186401574,4
7183886865,1
9292460498,1
9177172793,2
2125870912,1
7188940471,2
7182352345,1
7183487620,1
7189384625,1
3479399412,4
6465747698,1
7183983134,1
3477027155,2
3476637770,1
6465454621,1
2127274275,4
3476843399,1
2126952220,1
7183900876,1
7186978488,1
9176277322,1
9176350147,1
7185420222,2
7182685011,10
7182913935,1
7182977171,1
2125440221,1
7187283586,1
7183105600,1
7187884482,1
9179224454,1
5162412762,1
7184551100,1
7189924256,3
7186487703,1
7184091619,1
7183201345,1
7183833434,2
2126522850,6
9175549719,1
7186441318,1
3477855579,1
7186388686,1
7188943441,1
7186652168,1
6462455365,1
2129122162,1
7183764036,1
6468414887,1
2124263449,1
7184527474,1
7187866958,1
6466761801,1
9174186743,1
9292460497,1
2038000988,1
7187226023,9
7184755239,6
7189818800,1
7187841969,1
7184957801,1
3478625200,1
3476687980,1
7184438527,1
7187891485,1
2129256675,4
7185478827,1
7182742902,1
2023651456,1
2129254325,1
3479280648,1
7184957775,1
6464777883,1
7185498100,1
7186575075,3
7186580980,1
7189416700,1
2128625562,1
2127669200,6
7182629234,1
2129122210,1
6463735271,2
2128656337,1
7186464100,1
7189608446,1
7189353463,1
2123493724,1
7183736161,1
7184472630,1
7186996159,1
7183690303,9
7184387771,1
8482192335,1
9175997650,1
7182101050,1
2129627559,1
7188480001,1
7185420006,27
7184579757,1
3472287802,1
6464132659,1
3475053050,1
3476179282,2
7185422727,2
3473183313,1
7189477641,2
9083776038,1
2122830426,1
9174177676,1
9176966752,1
9172076847,1
2128865601,4
7186513480,1
3479096441,1
7182602300,1
6463021184,1
7187962950,1
2122344500,1
7186523344,1
9177978711,1
2124318574,1
7184187066,2
7185487680,1
9178938801,3
7182413000,2
9176393054,1
7186091028,1
2126737704,1
6318297137,1
6465315290,1
7184918440,1
9174974024,1
7186549200,1
7189848589,1
3477680241,1
9178318773,1
7186886406,1
7187734049,1
9177697518,1
7189912719,1
9177418286,1
7185885712,1
7189721558,1
7184972908,2
7186383000,2
3475059241,2
7184380008,12
6468599124,1
7184440101,4
7189090197,1
3474511813,1
3474144347,1
7184357585,3
3476758913,1
7187316300,1
6465328913,1
6466344451,1
9178824819,1
7187430575,1
7186173465,1
2129122214,1
7182940514,1
6465492495,1
3475541073,1
3478343097,1
2123602746,1
3473277680,1
9172724082,1
2125667855,1
3478214225,1
7047790943,1
7186439700,3
9176537449,1
2125646880,2
2129410920,12
7188249090,1
9292346333,1
7189242511,1
7186520282,6
2122031443,1
7189722900,1
2126348644,5
7188262223,1
7186366942,1
7186858534,1
7183482465,1
3473370322,1
7185854619,1
3478044452,1
7184722941,1
2122605375,1
7188868203,1
9292418567,1
9177961039,1
7183872316,1
3476625263,1
7184783848,1
2129277857,1
2127609805,1
3478214224,1
2128286046,2
2129642288,4
2124779450,9
7183516777,1
2129122490,2
7189784655,2
2126522809,4
7182948111,1
7185846004,1
7187749213,1
7187972472,1
7183926945,1
7186760876,1
7186400334,1
7186381607,1
3476688094,1
9175288301,1
9179755623,1
7182563445,1
7184236111,1
3479882724,1
7189811500,2
7187048476,1
2122439090,9
7183275300,2
2165265679,1
9175583298,1
6465298568,1
7186575454,1
2122433670,1
7182371802,1
7182417711,1
3474365581,1
9175657249,1
7185842330,1
7189860627,1
7185979220,1
7186887200,1
9179682039,1
6468129360,1
7186426800,1
7188850727,1
9175669487,1
7189613660,1
3476500238,1
7184626100,1
2127222205,1
7189940132,1
7187776442,1
7187980929,2
7185264884,1
7182765140,1
2122338930,1
2129237766,4
7186251608,1
7184398647,1
6467374166,1
3473298965,1
7186517770,12
7183760999,1
2123081959,1
3475814662,1
7183105610,6
9172809039,1
7188823815,1
7189437752,1
3475859103,6
7182001923,1
7186658866,1
7186341128,1
7189860969,1
7186644796,1
7182957160,1
2129419090,2
7185083881,11
9175774907,2
9176133959,1
6467261138,1
7185252676,1
7186519220,1
3475103405,1
2127818331,1
7182825575,4
7187226203,1
2123711000,3
9174850661,1
7187697455,1
3473939554,1
7188550326,1
2123482343,1
2127878106,1
2124272244,2
3475636026,1
3472971236,1
7183467167,1
7188968511,2
6465940949,1
7182784148,1
2124755008,1
7186930500,3
9176976488,1
8006248474,8
6468299258,2
3473869291,1
2128286018,1
7189813976,1
6465230984,1
9174027400,1
3476161292,1
7188817780,1
2123713653,9
7185630473,4
9175478068,1
2125679476,2
7186987979,1
7186482053,1
7187823601,1
3475541956,1
7182351028,2
7186576618,1
2123041064,1
7185836866,1
2124319124,1
2129912610,3
3474647600,1
7185845532,1
7187732600,1
3479264119,1
7189344180,1
6468599114,1
9172437060,3
9179601309,1
2126522847,2
2126905945,1
7187338852,1
7183781649,1
3478442823,1
2128310650,1
7182929321,1
7184269369,1
6463705642,1
7187776443,1
7182922211,1
7184094164,1
7184381771,1
7184453232,1
6463004311,1
9175657713,1
3475172388,1
2123426600,3
7185202305,1
7182323211,1
2128286132,1
7185561565,2
6467213036,1
7184443850,1
9179956860,1
8622520443,1
7185560521,1
7183356049,2
7187847447,12
7183452706,1
2122271000,1
7182953630,1
7184825347,2
9176704431,1
2122222552,1
7184221069,1
7184713200,1
9176363718,1
7183022057,3
7183536464,1
7185851640,1
2122437070,7
2122898030,9
7183347060,1
7186655559,1
2126258001,1
2129264871,1
7187274435,1
7186366938,1
9175657338,1
9292481080,1
2129824171,2
3474044934,1
7185837200,1
2125355235,2
7187250402,1
7183276023,1
3473461090,1
7185285399,1
6464779626,1
7186304093,1
2125711690,2
7186176334,1
7184999574,1
3479316595,1
7189545503,1
3476523429,1
7188030060,2
7182305100,5
2124212700,1
2124107900,1
2129801888,1
7184617462,1
7184416051,1
2127147495,1
5169841230,1
3475780362,1
6463255406,1
2128642400,1
7183725775,1
7187133413,1
9174424728,1
7185794208,3
9292917700,1
6466025601,5
7187556206,1
7186652805,1
7186652486,3
2127773555,1
7185252800,1
7186656090,1
3476938969,1
9176575865,1
9177289141,1
2123343945,1
3474366145,5
7184156632,1
3475981448,1
9293450556,1
9178829768,1
6467530228,1
2125313211,3
2122818395,1
7184453658,4
7182319800,2
2122899155,1
9179516998,1
9177556193,1
7184224200,4
6462519997,1
7184402440,1
7188790394,1
7182924922,1
7189425345,1
2125675787,1
9174068408,1
7185905743,1
7184554102,1
7183697603,1
9178821978,1
7183877905,1
3478163639,1
2126207310,1
2123490616,1
7183361300,1
6466025600,2
8135410357,1
3478214233,1
3477926887,1
7188593800,3
7186438000,3
7189436319,2
2126664910,1
7186461444,5
7189634440,1
7183360275,1
7185064494,2
7184104040,1
3476043566,1
9174187066,1
7185881000,1
2122424140,1
7186525500,2
7186439200,1
9176205147,1
2123607620,4
7185383344,3
3474178120,7
6466761309,1
9179680124,1
7183583030,1
6464091578,1
2126623200,1
3475103619,2
7182060517,1
7187846173,9
7183663038,1
9174440866,1
9293650035,1
7186807689,1
7182317246,1
