total number of rows in this file: 1567
18947,1
11563,299
7762,5
12529,3
08648,3
11722,4
43085,1
11205,1077
10309,140
11236,97
10603,51
7650,30
10272,1
10801,261
7208,312
11106,144
6903,3
41075,1
08861,5
07079,7
11251,4
10114,1
7054,8
10110,33
6820,4
32085,1
6850,5
11218,814
11795,13
11002,20
7013,3
7093,16
10805,1
7014,4
8701,6
22043,2
6033,2
10452,14
11510,82
07006,8
77098,1
12789,31
12508,30
7746,5
12466,2
07712,1
85251,1
10523,18
6883,3
11965,1
33480,1
14618,1
7015,1
10512,3
12498,1
07444,4
2144,1
19085,4
60611,2
06013,1
7980,1
11428,23
10169,30
11376,5
11245,3
11749,9
85254,2
83843,1
12763,1
11237,84
10710,17
92129,1
7621,2
10177,9
21401,1
7012,13
21045,1
10203,1
11021,800
11379,152
11756,41
10803,88
07045,32
19312,2
8876,4
12242,2
90026,1
2138,2
33302,2
7652,59
11738,48
11798,2
07204,1
7508,1
90029,1
7644,5
10068,4
7072,5
11364,163
7006,35
08003,6
11331,1
07001,16
2139,3
6757,1
10016-0133,1
6825,1
07670,3
11109,1
7927,2
20009,1
12078,1
11249,308
12603,2
07746,2
6831,4
10703,8
10589,2
10918,5
07921,1
07002,1
110003,1
10012,6680
11001,159
6877,32
10502,2
10058,2
90041,1
30326,1
8215,1
33410,2
11385,452
11238,1823
10039,48
8840,2
11978,7
12037,2
11224-4484,1
1021,1
12402,1
08840,1
07027,2
07080,7
7601,24
8865,16
7058,1
2111,1
75038,1
11427,21
12566,1
10179,4
48334,2
92627,1
2026,3
10052,4
10013-3512,1
1215,1
10530,40
10104,32
48302,2
6405,3
7662,3
02420,1
10010,3909
11968,80
11367,61
10138,3
11255,4
13026,2
6606,2
8110,1
8540,6
72712,1
07016,2
2842,4
11329,1
06811,3
33239,1
94002,1
19475,1
10038,4968
10152,4
10954,7
10150,5
18951,1
10178,1
94022,1
11520,75
07305,10
11717,16
7080,6
07417,2
29631,1
10009,405
10709,20
6517,16
08902,4
11754,3
10470,11
60605,2
91311,1
75240,1
7643,2
10128,883
11355,427
19147,2
90067,2
2478,3
90266,1
5744,1
23451,1
10464,31
6754,13
06040,6
08873,12
43081,1
33473,13
12409,2
11239,8
7002,10
12533,4
1821,1
7066,1
12188,1
11350,1
11566,30
19122,1
30303,1
5673,1
91403,1
30236,1
10450,1
6801,1
11501,75
10514,33
33901,1
7645,5
89183,2
11213,329
20815,6
11353,6
6111,3
30318,3
19063,5
3801,1
40202,2
44113,1
7607,1
10562,22
7041,8
13208,1
11690,1
11304,2
6897,3
1888,1
07457,1
07078,2
10802,1
7502,1
11050,122
10960,37
11518,56
11787,6
11554,37
32004,1
19930,1
08901,1
11357,260
6840,22
07677,1
90250,1
12227,1
11517,1
10457,54
10000,35
11579,46
0,37
10475,34
7716,37
11802,2
91423,1
90058,1
11314,1
11226,544
11214,287
7670,23
07641,14
7962,1
10180,1
70115,1
10215,1
07840,1
11224,93
10423,1
8854,7
2840,3
60606,1
60614,1
10552,54
7079,27
7649,89
7021,6
8008,1
12834,3
60045,1
8846,8
7401,2
11263,1
47901,1
6067,1
7202,6
34104,1
19382,2
7018,1
6896,1
12545,1
11414,341
11221,231
11514,16
07081,7
7087,7
10047,1
27571,1
7505,2
6468,9
11435,492
11967,4
7306,34
11714,11
12308,3
11342,1
10921,1
7407,3
11100,6
06611,1
10011,5754
11231,2342
07762,1
07716,15
12222,1
11004,58
10509,5
1039,1
11019,1
None,0
10116,73
10073,3
7922,8
30082,1
10156,25
07726,18
60179,2
14075,1
07753,1
7970,6
10549,16
20852,2
12470,1
07024,33
6437,7
12854,1
1006,1
10310,93
11229,183
11976,14
11758-4431,1
10171,17
2210,8
18840,2
10473,11
07601,4
11509,2
06237,1
12404,1
7764,1
11230,733
10522,305
10528,30
10268,2
7606,11
33133,2
8837,1
10220,1
07069,1
90040,2
10205,2
60446,1
33134,1
10014,4082
11216,618
10305,279
06510,5
17522,1
10545,2
8825,2
7981,1
7311,9
7480,2
18301,2
10280,122
11418,118
2118,3
60601,4
48320,1
11438,1
11746,58
10463,138
11023,40
8816,41
13104,1
8012,1
111235,1
07735,1
11335,3
5158,1
90813,2
10278,3
33477,1
10011-4640,3
11242,51
10462,98
11550,66
14228,1
7977,1
27615,1
07650,1
10001,17294
18920,1
10455,65
8817,14
11697,20
7017,8
8034,1
11302,1
11735,105
11368,870
11691,30
11018,1
6339,1
12502,1
18013,20
11102,263
75201,1
5042,1
7108,1
11709,2
11422,145
10210,2
12564,1
40059,2
18602,2
6419,1
92677,1
11208,141
63132,4
11901,2
8084,1
17938,1
7045,112
11963,11
12207,29
44106,2
63042,1
8108,1
7009,2
1007,2
10016-2203,1
11204,299
11740,6
6907,1
11548,5
90212,1
20785,2
07624,3
7463,2
11232,357
10304,274
10533,108
7424,10
10601,26
22554,3
90740,1
60040,1
11757,147
77777,21
10460,54
7747,20
10588,38
80225,1
34652,1
33019,1
056832,1
10165,86
7755,2
10303,17
33467,2
13152,11
11352,6
10526,3
02840,1
6268,2
7028,2
7040,8
90046,3
6098,1
2860,1
07205,132
6853,11
10103,21
11429,24
6855,4
91740,1
33149,6
48034,1
30327,1
10286,1
13501,1
10706,36
10458,62
30316,1
7506,2
7605,2
11701,121
6905,22
11366,60
77056,3
1253,1
10042,2
33186,4
7849,1
10468,100
7834,3
10472,16
7052,19
77055,1
7031,1
10003,6465
11207,212
11598,37
18603,2
18360,18
11375-7201,4
19806,2
28217,1
90064,1
07653,2
10300,1
6489,4
7853,2
28270,1
11362,84
90048,5
94611,1
8003,1
7882,15
7046,4
11431,133
10504,26
11545,23
06901,1
10129,6
12723,1
20910,2
06002,1
10023,1940
19112,1
60067,1
07087,1
7020,24
7083,10
94117,1
78249,2
10973,3
11944,3
5049,1
6813,1
90061,1
13850,1
11779,36
12561,23
33455,1
10115,4
8822,1
91521,1
11378,790
10451,1358
11792,2
30319,2
7004,2
20003,1
10040,26
37212,12
7641,28
07090,6
30068,2
10054,2
13760,1
7731,1
11219,1072
7866,32
11741,138
11577,131
10570,34
11725,23
7753,67
8016,4
07512,2
6066,1
11325,1
7738,2
63112,1
10922,3
53018,1
7628,13
7728,5
08610,3
7305,24
11692,2
12110,6
30339,1
07440,4
11240,3
2747,1
7450,7
06105,3
7620,3
4627,1
10965,3
8611,1
18031,1
6518,2
11377,808
10062,3
12721,1
18901,1
12484,5
92629,1
17102,1
14609,1
07020,2
07652,5
6611,1
19380,1
07930,1
10201,2
10412,1
11733,10
60008,1
10405,1
04106,1
10080,1
6756,1
11776,5
94109,4
10524,19
18101,4
8858,1
55439,1
6796,1
12853,1
11201,7630
10271,146
10577,12
8873,182
10543,33
10990,12
11977,4
12514,1
10079,1
60646,1
6478,1
11220,542
6901,5
7675,19
11946,4
08527,1
10109,2
10022,1397
10168,635
11572,20
12401,31
07003,10
6032,5
8690,1
8850,1
10190,1
11694,157
11209,1400
12828,4
10940,1
22066,1
11423,80
11206,117
7860,1
3287,1
22207,1
07932,1
11933,1
10002,1150
11581,23
10591,49
11726,18
07506,2
11387,2
90049,1
11780,3
12589,1
15090,1
10036-5900,1
7821,6
19320,1
12546,42
12075,1
33431,1
7419,1
7733,18
7109,8
43206,3
10970,39
7078,6
10702,1
10964,2
7627,9
11558,7
92262,1
7423,1
7145,1
11203,102
11730,31
7960,17
12572,12
7462,1
10519,1
11222,2074
11771,390
11743,429
10154,51
7726,31
7701,5
12477,2
11703,4
11778,3
06751,1
11939,1
11003,239
7417,25
11005,47
11373,138
2116,2
94100,1
54636,1
14710,1
14221,1
14534,1
19004,1
10454,2304
10065,541
11433,266
7825,1
6040,11
110119,1
7642,2
14526,2
6810,4
08534,1
7901,2
18015,3
06107,1
8650,1
6795,2
20006,1
1247,1
11958,1
7047,31
10035,267
11223,762
10107,83
11372,883
11473,1
10456,88
10015,20
19006,1
2066,1
