40.706902,1
40.697788,1
40.792888,1
Brooklyn,43
40.832627,1
40.812702,1
40.593834,1
Staten Island,1
40.690419,1
40.567873,1
40.707793,1
40.704892,1
40.806654,2
40.63398,1
40.670505,1
40.695579,1
40.846306,1
40.848516,1
40.656068,2
40.733809,1
40.855656,1
40.619517,1
40.76033,1
40.81168,2
40.834544,2
40.797706,1
40.706582,1
40.866001,1
40.881486,1
40.691146,1
40.822443,1
40.646048,1
40.681572,1
40.637711,1
40.745216,1
40.716092,1
40.646068,2
40.801647,1
40.839378,1
40.686284,1
New York,7
Manhattan,19
40.818813,1
40.713857,1
Bronx,25
40.812684,1
40.714054,1
40.798371,1
40.832965,1
40.603907,2
40.664807,1
40.676024,1
