total number of rows in this file: 864
94102,1
11722,1
11563,3
404000,1
10309,4995
11205,9265
11236,12333
38118-3440,1
48071-7528,1
23462,1
11106,6941
84102,1
07004,1
85064,1
95834,1
10801,1
68010-0770,1
55120,3
32247,1
30917,1
11795,1
11218,15635
10805,3
11756-0215,2
10452,22205
85251,1
11510,3
76003,1
49770,1
73155,1
10523,7
43054,1
31766,1
55439-2409,6
95020,2
60678-1031,1
47202,1
11600,6
18504,3
47130,1
11749,15
11428,3375
85062-8626,1
98057,2
11237,16631
10710,3
17106,1
02494,1
11021,8
11379,6941
10803,31
30144-7801,1
11756,2
11798,1
11738,1
85015,1
87110,2
11364,4778
07001,3
08003,1
53187,1
14210,17
07307,1
02359,1
30144,2
92704,2
07670,1
14737,1
11109,112
10589,1
75403,1
1100,1
78708,1
10918,1
11001,649
10012,9498
21031,2
NJ,1
19702,3
10502,1
14127,1
11385,19647
10039,5860
11238,15244
30067,1
61702-3517,1
23260,1
43216-3250,2
89145,1
06093,1
95110,1
14450,1
13850-3770,1
61720,1
07086,5
11427,3576
11582,2
50704-2635,1
10530,2
87176-7380,1
29615,1
60065-2189,1
10010,5326
11367,6916
21297-1313,2
91706,1
84127-0198,1
89163,1
32255,1
10038,3509
000000,1
07305,3
11520,5
11717,3
75075,7
44139-3442,5
53008-0965,1
52036,1
10009,11126
11754,12
14225-1943,1
10470,3644
35209,1
33461,1
85021,1
10128,7604
11355,11172
11797-9004,6
97008,1
19395,1
10464,1252
11239,579
08873,1
07072,2
56379,5
53005,2
27113-5238,1
11566,2
800400290,1
20191,1
11695,2
11590-9801,1
11501,11
91309-8012,2
32217,1
57709,1
08083,1
11213,20936
95404,1
11590-9649,1
11554,3
11050,3
11357,7120
15258,1
30006,1
60009-1423,1
07446,1
11802,2
NA,47
43614,5
10457,25174
10475,2236
10000,186
92193,2
92815-1390,1
0,1
30040,1
11214,14964
48090-2036,4
11226,34368
08043,1
14235,1
07840,1
11224,4610
60606,6
19044,25
10552,1
07407,1
07014,2
03062,1
57117-5519,1
11221,27697
11414,5229
10268-0996,1
60076,1
11435,9903
30096,1
14304,1
10594-0209,1
10011,11909
11231,7233
11004,1953
None,0
88554,1
55164-0886,1
06516,1
85034,2
80206,1
208450,1
90030-0689,1
10116,1
14075,1
07726,1
46227,1
77094-8911,2
33025,1
29602,1
18773-9533,1
23466,1
28272-0884,1
07024,2
50368,2
19456,1
10473,7626
11509,3
10310,5310
11229,14358
07601,1
N/N,1
11230,17816
90630,1
14225,7
89193,1
11216,22402
10305,7604
10014,10341
57117-5156,1
55435,2
33623-3381,1
444444,1
10280,442
64153,1
11418,6981
74121,1
74146,1
07945,1
10463,11962
90622-5017,1
33716,1
76054,1
07724-0500,1
11023,3
98041-0768,1
30374,1
10278,3
10462,15249
11550,7
07920,1
14228,4
14623,4
85284,1
10001,7387
.,1
10455,9015
19886,2
55459,1
80237,1
92617,1
11697,295
11735,28
11368,14795
31146-8089,1
11691,10147
23541,3
60680-8129,1
40218,1
19047,1
08650-4907,1
11102,5931
198505740,1
770948911,1
11422,5143
30010-3747,1
11111111,1
11208,20120
11791-0010,1
11901,1
87176,1
14240-2270,1
21030,2
92647,1
60656,5
91117,1
11204,12073
63105-0723,1
92801,2
07201,2
10533,2
11232,7059
10601,5
10304,8892
07012,1
14350,1
74170,1
19124-4824,1
02061-5055,1
73172,1
10460,15767
11757,1
18773-9500,2
45040,3
10303,4959
10526,1
11429,5205
17108-0988,3
10509-5709,1
74170-7600,1
571175524,1
70004,1
10458,24683
44125,1
75006,2
74121-2128,1
19886-5726,1
10706,1
11366,3172
11701,1
44139,5
19067,1
10472,15335
10468,23858
11598,3
11207,25287
10003,14435
33442,1
95112-4209,1
10300,1
07082,1
14009,2
11362,2788
11797-0904,1
06901,1
14225-1923,1
10430,1
10023,9644
07087,1
77072,1
1904,1
02360,3
43231,1
468089,1
61702-3427,65
11779,1
10451,9686
11378,8096
480902036,1
10040,14118
119004,1
07410,1
11577,5
33610,1
11219,13984
11741,3
11725,1
78251,1
11692,3036
14231,4
30071,5
12582,1
80155,2
10400,1
11377,16340
07020,3
07095,2
66201-1374,1
19124,1
34982-5881,1
60714,1
55439,12
20814-,1
75403-4169,3
93912,1
70004-605,1
18425,1
11201,10838
80246,6
10577,8
31146,1
11220,14355
100000,2
53008,1
76096,1
11111,2
46291-0601,1
1234,1
37660,1
10022,8000
11572,1
13221-4712,1
33320-6570,1
10059,1
19886-5251,1
24022,1
11694,4130
11209,13426
11746-1703,1
55068,1
11423,7451
11206,15572
63006,1
10002,13719
11581,6
07644,1
98021,3
10591,1
37133-1599,1
11700,1
11749-1749,1
84323,1
18966,1
19850-7095,1
02459,5
08721,1
07604,1
10577-0800,1
XX,1
11558,1
111,1
11203,16444
75244,1
11575,1
11222,9162
11743,3
11703,2
11778,1
01960,2
23320,1
32225,2
11003,11
11373,13000
14221,9
