total number of rows in this file: 4151
(40.717278, -73.835109),1
(40.750634, -73.973018),1
(40.716492, -73.803986),1
(40.757496, -73.964045),3
(40.771218, -73.967186),1
(40.785266, -73.775633),1
(40.733251, -73.784298),1
(40.705269, -74.005515),4
(40.797165, -73.970691),1
(40.782606, -73.977999),1
(40.717834, -74.010011),1
(40.762349, -73.971829),6
(40.857713, -73.914534),2
(40.750425, -73.97213),4
(40.852741, -73.846403),1
(40.763693, -73.984643),1
(40.787159, -73.955521),1
(40.707648, -73.915231),1
(40.757944, -73.974437),1
(40.762583, -73.976522),1
(40.758061, -73.971603),1
(40.761772, -73.956938),2
(40.76983, -73.953388),1
(40.722182, -74.006974),1
(40.751493, -73.983105),1
(40.734292, -73.992098),1
(40.774327, -73.955887),1
(40.758075, -73.984847),1
(40.756951, -73.97783),2
(40.717599, -73.957606),1
(40.714005, -74.010154),3
(40.70354, -73.990237),3
(40.768406, -73.960545),1
(40.72832, -74.004719),2
(40.764263, -73.97633),1
(40.770914, -73.983956),1
(40.753591, -73.978095),2
(40.605405, -73.752343),1
(40.746284, -73.990703),1
(40.860628, -73.897318),1
(40.747557, -73.942638),1
(40.757209, -73.971272),6
(40.750107, -73.973982),2
(40.757611, -73.98414),1
(40.748529, -73.989321),1
(40.782294, -73.98036),1
(40.755388, -73.97054),2
(40.776127, -73.982774),1
(40.836958, -73.947751),1
(40.786331, -73.979222),2
(40.760524, -73.97279),1
(40.773266, -73.957596),2
(40.752728, -73.986346),3
(40.757324, -73.967149),1
(40.760891, -73.972501),1
(40.723692, -73.989034),1
(40.586618, -73.819166),2
(40.759936, -73.977143),1
(40.827502, -73.891545),1
(40.770927, -73.958724),1
(40.724162, -73.998308),1
(40.64757, -73.784735),1
(40.689258, -73.987426),1
(40.753247, -73.986801),2
(40.80615, -73.882481),5
(40.768392, -73.954696),1
(40.721142, -73.999062),1
(40.762446, -73.977327),1
(40.646687, -73.974043),1
(40.769534, -73.954363),1
(40.759881, -73.97322),1
(40.759973, -73.921832),1
(40.747425, -73.983643),1
(40.748821, -73.869217),1
(40.731068, -73.742584),1
(40.803259, -73.941738),1
(40.75205, -73.982477),3
(40.75682, -73.981851),1
(40.755572, -73.988944),2
(40.731209, -73.984976),1
(40.754045, -73.967599),1
(40.71499, -74.015277),2
(40.619515, -74.108387),1
(40.750831, -73.9696),1
(40.767412, -73.968246),1
(40.760925, -73.978013),2
(40.630931, -73.946658),1
(40.85056, -73.929876),1
(40.706383, -74.015534),2
(40.768822, -73.967245),1
(40.743103, -73.996785),1
(40.69404, -73.962857),1
(40.734049, -73.99895),1
(40.882618, -73.921514),1
(40.749325, -73.974083),1
(40.785054, -73.94496),4
(40.775363, -73.959129),1
(40.784719, -73.95674),1
(40.740209, -73.983397),2
(40.64277, -74.077256),1
(40.756462, -73.998289),1
(40.753727, -73.968923),1
(40.741477, -73.94116),1
(40.755314, -73.986042),2
(40.75084, -73.971841),1
(40.715719, -74.012117),2
(40.723892, -74.005249),1
(40.817495, -73.927361),1
(40.80103, -73.948339),1
(40.885468, -73.914538),1
(40.764195, -73.96063),1
(40.736482, -73.987962),1
(40.687012, -73.981701),1
(40.724681, -73.994888),1
(40.743678, -73.982227),1
(40.752775, -73.986036),1
(40.763103, -73.983546),1
(40.754174, -73.979094),1
(40.690713, -73.982565),1
(40.626626, -74.003156),1
(40.76033, -73.967083),1
(40.766564, -73.97012),1
(40.695802, -73.838376),1
(40.757006, -73.966352),1
(40.734324, -73.998672),2
(40.594595, -73.781459),1
(40.751455, -73.987151),1
(40.710054, -73.796277),2
(40.761349, -73.9694),3
(40.735433, -73.980035),1
(40.774803, -73.981478),1
(40.753505, -73.98971),3
(40.705282, -74.014272),4
(40.785366, -73.948622),1
(40.75403, -73.965159),1
(40.795015, -73.950156),1
(40.735538, -73.989218),1
(40.665413, -73.872347),1
(40.66578, -73.982518),1
(40.694603, -73.987696),5
(40.723379, -74.005437),1
(40.76035, -73.970451),2
(40.747774, -73.987874),1
(40.759945, -73.96822),1
(40.721038, -73.993261),1
(40.734569, -73.986761),1
(40.837737, -73.8607),1
(40.704458, -73.793491),1
(40.738179, -73.997644),1
(40.718035, -73.994156),1
(40.633092, -73.990957),2
(40.703179, -73.993721),1
(40.75012, -73.96929),2
(40.755596, -73.97137),1
(40.73357, -74.006643),1
(40.662027, -73.920555),1
(40.758404, -73.983291),1
(40.681177, -73.980902),1
(40.731677, -73.994061),1
(40.711991, -74.008653),15
(40.706304, -74.010229),1
(40.70865, -74.010117),3
(40.693456, -73.963546),1
(40.77257, -73.961845),1
(40.601284, -73.934081),1
(40.741676, -74.007831),1
(40.764436, -73.978192),1
(40.760554, -73.959279),1
(40.774489, -73.990786),1
(40.707031, -74.011192),9
(40.81707, -73.89499),1
(40.641365, -73.972662),1
(40.758703, -73.996499),1
(40.763244, -73.975727),2
(40.572345, -73.993157),1
(40.855564, -73.929598),1
(40.765584, -73.957932),1
(40.685625, -73.975781),1
(40.771028, -73.991602),1
(40.763512, -73.969886),1
(40.722111, -73.987521),1
(40.720658, -74.000823),1
(40.761276, -73.976742),4
(40.718452, -74.007998),1
(40.718074, -73.996443),2
(40.721713, -74.008954),1
(40.744265, -73.84453),1
(40.724093, -73.998503),1
(40.761537, -73.975999),1
(40.730067, -73.863452),1
(40.737802, -73.980049),1
(40.780224, -73.98),1
(40.76066, -73.965946),2
(40.717165, -73.999365),2
(40.745011, -73.983598),1
(40.739372, -73.975689),3
(40.76398, -73.970836),3
(40.810356, -73.960531),1
(40.749442, -73.984275),1
(40.627792, -73.956222),1
(40.703111, -73.918653),1
(40.853012, -73.919554),2
(40.764454, -73.974445),7
(40.799811, -73.964693),1
(40.772621, -73.952892),1
(40.693992, -73.952976),1
(40.752017, -73.986566),1
(40.735475, -73.993512),1
(40.845677, -73.897258),1
(40.73825, -73.988175),2
(40.73679, -74.007581),1
(40.766573, -73.968304),1
(40.755028, -73.991701),1
(40.705244, -74.006755),5
(40.75122, -73.976677),5
(40.754838, -73.979426),1
(40.756014, -73.974138),2
(40.777271, -73.951747),2
(40.77199, -73.947372),1
(40.707922, -74.017244),1
(40.704431, -74.017793),1
(40.68874, -73.988829),1
(40.757754, -73.972426),5
(40.830351, -73.940973),1
(40.717148, -74.013683),1
(40.765934, -73.933965),1
(40.839358, -73.938732),2
(40.743605, -73.949635),3
(40.750253, -73.937984),2
(40.741563, -74.000325),1
(40.739905, -73.988337),1
(40.758553, -73.993921),1
(40.71796, -73.738303),1
(40.754754, -73.985006),2
(40.74505, -73.979646),1
(40.788613, -73.943072),1
(40.7722, -73.990902),1
(40.667479, -73.958928),1
(40.751705, -73.984491),1
(40.755676, -73.978823),4
(40.601248, -74.150361),1
(40.75733, -73.978606),1
(40.764567, -73.995993),1
(40.762215, -73.99434),1
(40.796389, -73.942246),1
(40.731214, -73.983363),1
(40.821632, -73.927562),1
(40.763154, -73.975135),2
(40.684514, -73.976809),2
(40.829935, -73.846611),1
(40.755828, -73.755562),1
(40.76157, -73.976074),1
(40.728962, -73.991756),1
(40.773977, -73.979171),1
(40.763415, -73.958771),3
(40.746991, -73.982619),1
(40.776376, -73.979806),1
(40.76444, -73.962659),1
(40.752198, -73.980488),1
(40.762942, -73.97241),2
(40.736598, -73.992314),1
(40.722317, -73.998788),1
(40.744762, -73.979227),1
(40.713457, -73.992905),1
(40.724979, -73.998871),1
(40.686249, -73.825353),1
(40.723061, -74.009124),2
(40.729786, -73.991939),1
(40.752516, -73.967794),1
(40.763795, -73.983199),1
(40.720003, -74.007136),1
(40.722083, -74.011122),1
(40.615896, -74.027778),1
(40.710171, -74.00619),1
(40.751985, -74.001704),1
(40.763433, -73.983395),1
(40.774382, -73.962993),1
(40.64938, -73.972194),1
(40.709771, -74.005576),1
(40.772668, -73.960896),2
(40.75711, -73.983941),1
(40.769423, -73.953056),1
(40.676312, -73.921047),1
(40.729513, -73.991236),1
(40.764051, -73.965323),2
(40.747854, -73.974722),1
(40.706804, -74.005879),2
(40.759853, -73.99456),1
(40.794649, -73.975253),1
(40.741349, -73.999065),1
(40.77274, -73.95509),1
(40.782153, -73.826261),1
(40.750813, -73.989104),4
(40.759996, -73.988388),1
(40.725306, -74.005408),1
(40.733408, -73.992827),2
(40.758623, -73.983822),1
(40.726395, -73.989627),1
(40.740693, -74.003955),1
(40.838612, -73.938888),1
(40.75635, -73.98113),1
(40.780208, -73.946119),2
(40.756503, -73.973351),2
(40.718343, -73.808145),1
(40.859893, -73.868825),1
(40.703993, -74.011054),4
(40.775243, -73.982966),2
(40.73503, -73.986328),1
(40.706477, -74.009122),2
(40.739675, -73.991523),1
(40.570943, -74.105803),1
(40.770878, -73.966771),1
(40.735887, -73.991697),1
(40.767241, -73.96552),3
(40.753874, -73.976983),1
(40.770131, -73.903375),1
(40.727591, -73.992863),1
(40.810379, -73.943079),1
(40.762729, -73.975489),1
(40.74214, -73.974082),1
(40.701885, -73.989361),1
(40.736134, -73.996666),1
(40.745895, -73.846758),1
(40.751588, -73.981752),1
(40.710001, -74.014258),1
(40.794599, -73.972389),1
(40.755257, -73.977773),1
(40.746635, -73.995196),2
(40.581282, -73.965353),1
(40.839757, -73.939364),1
(40.717925, -74.000595),1
(40.693526, -73.980311),1
(40.725891, -73.996987),1
(40.703625, -73.991697),3
(40.841721, -73.842915),1
(40.73963, -73.983556),2
(40.668924, -73.91784),2
(40.690303, -73.994645),1
(40.702239, -73.995539),1
(40.749137, -73.978879),2
(40.768817, -73.965942),1
(40.857072, -73.900172),1
(40.764795, -73.957803),2
(40.745377, -73.935018),1
(40.734566, -73.870652),8
(40.741453, -73.995731),1
(40.710288, -73.79334),1
(40.657089, -73.983998),1
(40.710328, -74.007391),1
(40.709023, -74.014496),1
(40.747756, -73.978378),1
(40.754733, -73.738956),4
(40.739172, -74.006189),1
(40.769123, -73.99165),1
(40.741484, -73.933708),1
(40.667416, -73.899245),1
(40.775707, -73.984157),1
(40.696361, -73.967973),1
(40.74395, -73.976968),1
(40.814941, -73.916217),1
(40.745529, -73.993728),1
(40.751075, -73.980189),1
(40.754227, -73.985728),1
(40.711976, -73.965036),1
(40.751988, -73.994066),2
(40.764719, -73.97929),2
(40.752033, -73.984704),1
(40.734877, -74.000429),1
(40.703789, -73.932101),3
(40.729881, -74.007314),2
(40.791232, -73.965302),1
(40.778849, -73.945572),1
(40.606808, -73.962196),1
(40.742742, -73.995067),1
(40.816872, -73.96035),2
(40.755856, -73.96832),1
(40.758858, -73.782241),1
(40.58454, -74.164969),1
(40.810247, -73.947934),1
(40.689692, -73.988948),2
(40.830149, -73.920138),1
(40.7645, -73.983004),1
(40.720212, -74.001566),1
(40.748918, -73.984936),1
(40.742183, -73.990368),1
(40.749424, -73.884262),2
(40.768052, -73.955379),1
(40.742681, -73.976767),2
(40.742296, -73.776417),1
(40.737041, -73.824499),1
(40.828253, -73.92482),1
(40.752745, -73.97376),1
(40.758849, -73.830119),1
(40.673458, -73.794474),1
(40.636483, -74.008514),1
(40.747549, -73.973199),1
(40.714393, -74.004783),1
(40.860263, -73.84362),1
(40.767289, -73.961762),3
(40.776697, -73.946126),1
(40.75126, -73.986281),1
(40.741761, -73.902969),1
(40.740646, -73.996362),4
(40.755881, -73.979549),1
(40.735714, -74.008061),1
(40.755756, -73.964227),1
(40.650312, -73.960647),1
(40.722591, -74.010246),1
(40.803705, -73.966484),2
(40.640753, -74.002047),1
(40.764775, -73.963557),2
(40.745594, -73.980837),4
(40.736952, -73.995147),1
(40.757844, -73.830211),1
(40.758273, -73.993189),1
(40.717496, -73.961181),1
(40.769534, -73.961255),1
(40.764374, -73.990134),3
(40.756263, -73.980924),2
(40.738968, -73.984577),1
(40.74864, -73.979717),1
(40.677167, -73.96941),1
(40.766742, -73.981419),15
(40.759293, -73.969874),1
(40.789563, -73.974847),1
(40.758234, -73.987168),2
(40.782029, -73.979782),1
(40.646468, -74.008501),1
(40.784904, -73.94708),2
(40.860431, -73.895811),1
(40.752648, -73.980033),1
(40.717291, -73.99171),1
(40.861285, -73.889607),1
(40.755871, -73.988038),4
(40.760894, -73.986092),1
(40.768365, -73.961974),1
(40.713304, -74.011875),1
(40.760093, -73.975602),2
(40.737561, -73.994602),2
(40.787416, -73.974989),1
(40.754682, -73.986304),1
(40.64398, -74.072587),2
(40.691256, -73.939239),1
(40.84806, -73.843656),1
(40.722323, -73.851379),1
(40.717206, -73.962252),1
(40.642734, -74.101912),1
(40.862798, -73.886434),1
(40.69555, -73.99211),1
(40.776014, -73.983933),1
(40.737575, -73.992029),1
(40.6027, -74.143414),1
(40.761081, -73.833157),3
(40.807186, -73.87023),3
(40.737499, -73.815208),1
(40.715007, -74.00935),1
(40.759268, -73.830371),1
(40.725553, -73.996136),1
(40.769159, -73.993682),1
(40.740762, -73.998481),1
(40.767059, -73.962957),1
(40.758007, -73.963641),2
(40.75737, -73.975394),1
(40.762294, -73.975103),1
(40.716522, -73.983915),1
(40.75915, -73.979645),1
(40.764554, -73.978474),1
(40.714242, -74.004),1
(40.711917, -74.00922),1
(40.727453, -73.853871),1
(40.714333, -73.831914),1
(40.755532, -73.980834),1
(40.762137, -73.961563),1
(40.744809, -73.983435),1
(40.712974, -74.003676),5
(40.72602, -73.995692),4
(40.75667, -73.971423),1
(40.777323, -73.921768),1
(40.71097, -74.005677),1
(40.768132, -73.962184),1
(40.710596, -74.010778),1
(40.720695, -73.939523),2
(40.768485, -73.968097),1
(40.743012, -73.989791),2
(40.692383, -74.014448),2
(40.767215, -73.955347),1
(40.772117, -73.989118),1
(40.754002, -73.992547),1
(40.802029, -73.948511),1
(40.746208, -74.007637),1
(40.707327, -74.012664),2
(40.690359, -73.995673),1
(40.743023, -73.986626),1
(40.715404, -73.997901),1
(40.703806, -74.011952),1
(40.761462, -73.973504),1
(40.773408, -73.963838),1
(40.74127, -73.974772),3
(40.769309, -73.982649),1
(40.750473, -73.977165),2
(40.8399, -73.936082),2
(40.739202, -73.987446),1
(40.766602, -73.953134),2
(40.744476, -73.980112),3
(40.771028, -73.948828),1
(40.775818, -73.94973),1
(40.705573, -74.017525),1
(40.736452, -73.987316),1
(40.744193, -73.993201),2
(40.746907, -73.972532),1
(40.724969, -73.909376),3
(40.729132, -73.992863),4
(40.728019, -73.952898),1
(40.737907, -73.999744),1
(40.731827, -73.988263),1
(40.768565, -73.944192),1
(40.715286, -73.941104),1
(40.739761, -73.996168),1
(40.76164, -73.970122),1
(40.672879, -73.936001),1
(40.762047, -73.96529),1
(40.862406, -73.890952),1
(40.772345, -73.947085),1
(40.716582, -73.997915),1
(40.748502, -73.989646),2
(40.747289, -73.974975),4
(40.737519, -73.980767),1
(40.740783, -73.98418),1
(40.764316, -73.969846),1
(40.621972, -74.038872),1
(40.784114, -73.828896),6
(40.721825, -73.987193),2
(40.766379, -73.979),5
(40.762575, -73.977778),1
(40.671854, -73.761552),1
(40.705344, -74.012),7
(40.754293, -73.986216),2
(40.71705, -73.99517),1
(40.726657, -74.000736),1
(40.79992, -73.939368),1
(40.716577, -74.012395),1
(40.747024, -73.980479),1
(40.743621, -73.983356),1
(40.73281, -73.989576),1
(40.773707, -73.963022),1
(40.763005, -73.980034),1
(40.761114, -73.924065),1
(40.795231, -73.972061),1
(40.763886, -73.968659),1
(40.764424, -73.972023),1
(40.751584, -74.006554),5
(40.752512, -73.990731),2
(40.758468, -73.995798),3
(40.762569, -73.97472),2
(40.778358, -73.953794),1
(40.783903, -73.971502),1
(40.779615, -73.95284),1
(40.748088, -74.001718),1
(40.782488, -73.957276),1
(40.720061, -73.963535),1
(40.732709, -73.998549),2
(40.735851, -73.992513),2
(40.734105, -74.00971),1
(40.737973, -74.00887),1
(40.61074, -73.981423),1
(40.747831, -73.983109),1
(40.687121, -73.920529),1
(40.743108, -73.954422),1
(40.760439, -73.832753),1
(40.718286, -73.994322),1
(40.744835, -73.995868),1
(40.866868, -73.902613),1
(40.75269, -73.972457),1
(40.72031, -74.00886),1
(40.718415, -74.010094),1
(40.740339, -73.998838),1
(40.765505, -73.971427),2
(40.749908, -73.979735),1
(40.749981, -73.992132),1
(40.707804, -74.003401),1
(40.757952, -73.974921),2
(40.717132, -74.004307),1
(40.709702, -74.016141),1
(40.735358, -74.00713),1
(40.747016, -73.987661),1
(40.716468, -74.008867),1
(40.744472, -73.973652),1
(40.738958, -73.997903),1
(40.727499, -73.994588),1
(40.7274, -73.99571),2
(40.810084, -73.96342),1
(40.645199, -74.027196),3
(40.641163, -74.075175),1
(40.715382, -73.997839),1
(40.656963, -73.950245),1
(40.709089, -73.869752),2
(40.576187, -73.938307),1
(40.77377, -73.956837),1
(40.774147, -73.959931),1
(40.742241, -74.007261),1
(40.837333, -73.926078),1
(40.721223, -73.980151),1
(40.765974, -73.982553),1
(40.754192, -73.938193),2
(40.856497, -73.858641),1
(40.749419, -73.97657),2
(40.761695, -73.981796),1
(40.748128, -73.984398),1
(40.788871, -73.970853),1
(40.739182, -73.82388),2
(40.759178, -73.985919),1
(40.586991, -74.079363),4
(40.771734, -73.958734),1
(40.746468, -73.99441),5
(40.785169, -73.972726),1
(40.754877, -73.985634),1
(40.781602, -73.777275),1
(40.756389, -73.970759),1
(40.753974, -73.977524),1
(40.717349, -74.005649),1
(40.759627, -73.831478),1
(40.749609, -73.979998),1
(40.721521, -74.000685),1
(40.71881, -73.950689),1
(40.753381, -73.968277),1
(40.712975, -74.007813),1
(40.706359, -74.00382),1
(40.742123, -73.993988),4
(40.854386, -73.897361),2
(40.75842, -73.97984),2
(40.768743, -73.952779),1
(40.865225, -73.858254),1
(40.785498, -73.973307),1
(40.736968, -73.992397),3
(40.714437, -74.010872),3
(40.760933, -73.965725),1
(40.74826, -73.988491),1
(40.771747, -73.988241),1
(40.725312, -73.997475),1
(40.769108, -73.981621),1
(40.741077, -73.995197),1
(40.727126, -73.995937),1
(40.763162, -73.975947),1
(40.764831, -73.955808),2
(40.748464, -73.997968),2
(40.74002, -73.934255),2
(40.76629, -73.97113),1
(40.767841, -73.963061),1
(40.757218, -73.969196),2
(40.706345, -74.013428),4
(40.773, -73.945595),1
(40.728347, -73.850842),2
(40.756349, -73.988742),1
(40.745812, -73.949125),1
(40.737678, -73.983542),1
(40.849873, -73.845862),4
(40.745536, -73.982854),1
(40.693288, -73.985727),4
(40.761375, -73.977493),1
(40.69533, -73.984843),4
(40.761895, -73.968811),1
(40.794359, -73.965986),1
(40.803346, -73.935604),1
(40.771503, -73.958998),1
(40.772459, -73.966456),1
(40.888693, -73.911914),1
(40.736222, -73.996875),1
(40.810173, -73.915892),1
(40.736589, -73.988565),1
(40.765003, -73.989085),1
(40.764471, -73.976712),1
(40.703655, -73.989194),1
(40.62574, -74.122469),1
(40.754219, -73.971406),1
(40.77975, -73.987276),1
(40.762913, -73.982525),1
(40.764382, -73.964081),2
(40.76526, -73.970904),1
(40.76223, -73.986943),3
(40.738154, -73.990419),1
(40.742954, -73.983771),5
(40.786313, -73.948924),1
(40.761617, -73.965386),1
(40.737745, -74.00887),1
(40.763319, -73.96059),3
(40.760806, -73.970346),3
(40.74934, -73.980143),1
(40.748205, -73.981973),1
(40.516877, -74.243898),1
(40.745032, -73.904854),1
(40.773945, -73.951522),1
(40.678569, -73.910124),1
(40.765834, -73.981553),1
(40.656515, -73.941837),1
(40.743102, -73.984977),2
(40.741578, -73.977449),1
(40.828843, -73.943847),1
(40.76044, -73.96065),1
(40.757619, -73.979317),1
(40.699196, -73.810898),3
(40.750983, -73.991161),2
(40.798867, -73.969354),1
(40.721774, -73.841574),1
(40.690465, -73.979194),2
(40.742329, -73.992497),1
(40.81239, -73.941614),1
(40.752078, -73.97218),1
(40.782246, -73.98465),1
(40.772228, -73.956166),1
(40.677893, -73.99085),1
(40.741914, -73.980278),1
(40.747882, -73.987253),1
(40.75552, -73.986887),1
(40.764725, -73.971153),4
(40.720806, -73.843918),2
(40.764426, -73.981965),1
(40.764282, -73.958132),1
(40.753934, -73.996513),2
(40.733129, -73.760228),1
(40.752246, -73.974948),1
(40.734134, -73.980104),1
(40.790811, -73.969639),1
(40.75143, -73.990775),2
(40.746713, -73.977812),1
(40.769701, -73.982548),1
(40.681084, -73.775581),1
(40.746447, -73.97923),2
(40.761463, -73.829766),1
(40.62059, -73.955841),1
(40.755105, -73.98623),4
(40.755866, -73.984454),1
(40.76999, -73.963894),1
(40.758664, -73.982399),1
(40.628871, -74.026245),1
(40.755098, -73.978167),1
(40.632738, -73.98636),1
(40.871365, -73.824177),1
(40.703768, -73.7971),2
(40.752994, -73.98622),2
(40.761553, -73.999318),1
(40.753014, -73.990861),2
(40.760144, -73.983551),3
(40.768836, -73.968927),1
(40.760161, -73.918384),1
(40.762258, -73.827447),1
(40.746151, -73.979609),1
(40.753864, -73.950898),2
(40.740018, -73.997792),1
(40.760886, -73.972133),1
(40.724189, -73.99124),1
(40.74916, -73.985174),1
(40.825548, -73.892654),1
(40.78419, -73.95782),3
(40.798688, -73.9703),1
(40.763746, -73.974301),1
(40.752201, -73.972851),2
(40.767636, -73.956733),3
(40.824088, -73.954145),1
(40.764721, -73.954907),3
(40.754923, -73.978907),2
(40.764614, -73.946706),1
(40.773102, -73.960033),1
(40.716608, -74.004845),1
(40.816487, -73.958208),1
(40.707769, -74.009125),1
(40.726431, -73.993152),1
(40.776432, -73.947585),1
(40.709007, -74.007272),1
(40.594869, -73.996594),1
(40.71828, -73.863022),1
(40.751057, -74.00301),1
(40.716415, -74.009374),1
(40.896647, -73.910897),1
(40.743133, -73.999657),1
(40.749152, -73.887518),1
(40.762938, -73.969291),3
(40.738859, -73.987745),1
(40.780652, -73.981003),3
(40.825865, -73.881694),1
(40.70276, -74.013301),1
(40.893518, -73.861225),2
(40.70593, -74.009342),1
(40.757504, -73.962518),1
(40.753911, -73.986436),3
(40.764368, -73.982708),1
(40.858396, -73.882891),1
(40.768495, -73.96461),1
(40.590563, -73.940361),1
(40.720218, -73.950649),2
(40.746873, -73.979696),1
(40.750535, -73.990551),1
(40.781034, -73.959967),1
(40.736935, -73.990914),1
(40.764842, -73.979636),4
(40.745634, -74.004529),1
(40.770385, -73.942001),2
(40.75179, -73.987158),2
(40.765811, -73.951983),1
(40.748981, -73.980504),1
(40.836636, -73.856621),1
(40.782074, -73.980425),1
(40.707764, -74.005555),1
(40.770811, -73.956492),1
(40.76275, -73.972735),1
(40.699538, -73.988074),1
(40.657883, -73.769477),2
(40.766372, -73.981488),1
(40.750011, -73.884067),2
(40.645605, -74.012973),1
(40.771637, -73.948307),1
(40.744954, -73.946495),1
(40.752461, -73.946619),1
(40.731249, -73.87094),2
(40.710358, -74.00501),1
(40.706861, -74.004371),8
(40.754171, -73.97982),1
(40.744099, -73.93319),4
(40.753325, -73.979402),1
(40.703043, -73.991427),1
(40.808313, -73.945696),1
(40.835364, -73.846446),2
(40.825381, -73.94716),1
(40.738373, -73.983834),1
(40.765422, -73.953467),12
(40.755865, -73.981927),1
(40.75861, -73.912138),1
(40.740092, -74.00856),1
(40.760553, -73.768977),1
(40.825764, -73.951539),1
(40.756121, -73.994672),1
(40.809106, -73.960381),1
(40.730754, -74.004748),1
(40.752432, -73.973786),1
(40.76891, -73.99309),6
(40.64133, -73.964756),1
(40.75402, -73.998979),3
(40.763515, -73.970652),1
(40.672905, -73.986117),1
(40.685976, -73.954882),1
(40.637661, -74.007285),1
(40.713803, -74.012935),4
(40.764241, -73.978496),1
(40.72087, -73.993322),1
(40.667671, -73.963902),1
(40.784071, -73.957155),1
(40.729213, -73.858446),1
(40.770507, -73.957529),1
(40.739859, -74.002053),1
(40.751517, -73.980626),1
(40.734671, -73.987963),1
(40.708971, -74.012466),2
(40.738549, -73.990755),3
(40.76171, -73.974381),2
(40.763218, -73.969179),1
(40.74758, -74.007305),1
(40.77913, -73.948146),1
(40.757213, -73.970763),1
(40.783141, -73.975612),1
(40.740799, -73.982224),1
(40.809183, -73.958133),1
(40.799108, -73.915635),2
(40.722511, -73.988326),1
(40.706598, -74.006258),1
(40.713196, -73.987786),3
(40.646672, -74.021221),4
(40.852771, -73.838851),5
(40.688887, -73.988689),1
(40.720728, -74.001353),1
(40.760009, -73.968509),1
(40.762308, -73.998798),1
(40.740081, -74.006828),2
(40.740198, -73.981737),2
(40.686463, -73.977699),2
(40.753202, -73.982267),1
(40.748453, -73.995777),1
(40.71952, -74.010869),1
(40.757873, -73.964568),1
(40.753245, -73.994864),4
(40.775378, -73.949312),1
(40.759102, -73.988843),1
(40.764817, -73.965976),1
(40.722956, -73.848412),1
(40.730334, -73.995598),2
(40.738468, -73.977863),2
(40.757849, -73.966795),1
(40.729252, -73.988602),1
(40.794789, -73.943771),1
(40.737759, -74.009194),1
(40.752759, -73.968653),1
(40.724079, -73.999369),1
(40.754372, -73.977723),3
(40.772475, -73.957765),1
(40.754846, -73.977181),5
(40.763367, -73.963804),1
(40.832292, -73.918964),2
(40.750452, -73.941531),1
(40.760293, -73.972241),1
(40.745609, -73.944073),1
(40.703347, -74.01373),2
(40.76966, -73.983292),1
(40.618976, -74.107018),1
(40.74492, -73.993035),1
(40.779253, -73.956611),1
(40.752857, -73.970433),1
(40.739196, -73.994757),1
(40.73461, -73.985603),1
(40.751928, -73.978305),7
(40.706976, -74.00972),1
(40.760933, -73.973761),5
(40.719495, -73.999935),2
(40.755462, -73.972666),1
(40.746652, -73.975773),1
(40.781125, -73.960335),1
(40.752921, -73.994102),1
(40.755126, -73.982184),1
(40.693301, -73.953233),5
(40.75202, -73.970195),1
(40.733694, -73.989247),2
(40.752701, -74.001577),1
(40.76324, -73.959725),1
(40.839183, -73.939614),1
(40.756446, -73.828104),2
(40.63693, -73.986939),1
(40.764375, -73.9568),7
(40.753507, -73.979798),5
(40.743621, -73.984229),1
(40.736751, -73.987078),1
(40.78286, -73.827173),2
(40.573919, -73.98473),1
(40.759152, -73.976082),3
(40.762239, -73.991225),1
(40.645231, -73.917927),1
(40.735021, -73.8635),2
(40.68268, -73.975407),2
(40.748203, -74.004648),1
(40.746174, -74.001191),1
(40.749185, -73.994723),1
(40.720475, -74.009293),1
(40.793932, -73.972899),1
(40.713385, -74.00874),1
(40.669767, -73.897757),1
(40.762148, -73.832306),1
(40.769648, -73.833168),1
(40.641832, -74.017404),1
(40.727746, -74.007858),6
(40.748724, -73.99014),1
(40.706147, -74.013598),2
(40.766559, -73.983614),1
(40.738303, -73.97849),1
(40.765748, -73.965301),1
(40.722083, -73.98851),2
(40.613864, -74.092663),3
(40.762871, -73.974467),1
(40.61154, -74.177973),1
(40.721798, -74.000451),1
(40.75908, -73.973646),1
(40.78513, -73.947972),1
(40.711291, -74.001656),2
(40.726805, -73.995941),1
(40.854082, -73.907555),1
(40.71514, -73.831493),1
(40.76039, -73.975454),1
(40.773027, -73.95782),1
(40.718356, -73.81689),1
(40.763666, -73.971013),1
(40.707763, -74.014994),1
(40.717788, -73.995916),1
(40.749448, -73.983369),2
(40.746838, -73.941552),2
(40.74191, -73.983343),2
(40.839938, -73.839515),2
(40.744903, -73.988488),3
(40.860193, -73.890024),1
(40.69058, -73.977932),2
(40.783746, -73.980883),6
(40.755397, -73.978101),1
(40.761764, -73.972389),1
(40.84177, -73.94202),5
(40.759205, -73.995307),1
(40.762387, -73.973334),1
(40.744006, -73.992403),1
(40.724246, -74.009099),1
(40.726261, -73.996674),2
(40.653495, -73.964371),2
(40.669819, -73.930723),1
(40.69037, -73.986701),1
(40.767892, -73.966729),1
(40.749642, -73.945809),1
(40.755215, -73.989569),2
(40.763512, -73.982272),1
(40.777819, -73.961344),1
(40.747073, -73.983965),1
(40.718304, -73.840955),2
(40.798622, -73.966443),2
(40.766402, -73.961965),1
(40.756049, -73.972286),2
(40.766679, -73.967679),1
(40.780305, -73.986929),1
(40.774324, -73.964032),1
(40.73749, -73.998282),2
(40.784399, -73.982801),1
(40.716233, -74.006587),1
(40.707882, -74.004754),1
(40.73982, -73.992238),3
(40.78287, -73.854288),6
(40.718825, -73.83656),1
(40.693674, -73.967689),1
(40.799108, -73.96796),2
(40.846493, -73.897604),1
(40.675595, -73.912392),1
(40.741749, -73.983489),2
(40.785196, -73.974546),1
(40.746333, -73.984907),1
(40.808158, -73.944768),1
(40.647735, -73.96742),1
(40.695662, -73.993264),2
(40.702892, -74.013878),3
(40.773027, -73.980807),1
(40.767357, -73.982906),1
(40.750272, -73.974415),1
(40.746788, -73.986228),1
(40.764686, -73.982694),1
(40.724119, -73.995721),1
(40.768324, -73.989751),1
(40.757171, -73.97861),1
(40.77135, -73.959835),1
(40.690263, -73.984992),2
(40.624244, -74.179383),1
(40.766127, -73.95307),2
(40.709562, -74.012109),2
(40.769301, -73.987556),1
(40.757628, -73.997495),1
(40.77182, -73.952214),1
(40.691443, -73.982251),2
(40.714058, -74.0068),1
(40.722564, -73.999791),2
(40.780848, -73.979642),2
(40.864182, -73.926005),1
(40.744211, -73.987243),1
(40.78134, -73.824119),1
(40.722985, -74.007656),3
(40.734438, -73.991152),3
(40.695127, -73.991439),5
(40.705919, -74.010766),1
(40.756022, -73.985764),4
(40.587723, -73.954858),1
(40.757049, -73.974708),1
(40.72016, -73.997915),1
(40.724936, -73.996598),1
(40.769539, -73.967479),1
(40.780492, -73.955262),1
(40.723075, -74.008424),2
(40.728616, -73.987329),1
(40.776021, -73.956442),1
(40.775752, -73.963544),1
(40.763027, -73.973532),2
(40.753414, -73.98605),1
(40.649902, -74.001189),1
(40.718024, -73.992666),1
(40.728125, -73.982429),1
(40.807608, -73.946242),8
(40.744939, -73.982147),1
(40.749332, -73.981348),4
(40.708988, -74.009659),1
(40.79015, -73.970015),2
(40.641276, -74.078249),1
(40.752903, -73.96909),1
(40.600848, -73.757077),1
(40.762923, -73.973143),1
(40.761036, -73.967924),3
(40.75227, -73.757398),1
(40.669368, -73.950218),1
(40.822808, -73.939191),1
(40.730499, -73.993076),1
(40.758449, -73.989998),1
(40.706014, -74.011787),2
(40.746599, -73.953921),1
(40.842692, -73.942581),3
(40.79082, -73.97394),2
(40.664669, -73.896265),1
(40.606083, -73.988994),1
(40.810059, -73.952089),1
(40.736081, -73.875841),1
(40.737289, -73.880169),1
(40.712518, -74.008747),2
(40.722142, -73.843496),1
(40.775051, -73.989948),1
(40.762881, -73.988492),1
(40.718676, -73.953597),1
(40.724614, -74.001501),1
(40.712454, -74.015305),2
(40.728779, -73.978211),1
(40.614781, -74.031286),1
(40.751171, -73.968528),1
(40.771572, -73.966456),2
(40.725196, -74.003795),1
(40.769359, -73.956205),1
(40.768024, -73.96961),2
(40.759772, -73.975866),1
(40.764164, -73.822637),1
(40.707074, -73.794785),1
(40.721009, -73.847789),2
(40.746706, -73.971962),2
(40.743065, -73.993919),1
(40.76867, -73.986),2
(40.648894, -74.006779),1
(40.620488, -74.03882),1
(40.640263, -74.074194),1
(40.777055, -73.961233),1
(40.856526, -73.859513),1
(40.690733, -73.992182),1
(40.748599, -73.987061),1
(40.67455, -73.735347),1
(40.838787, -73.94093),1
(40.716965, -73.966748),1
(40.718488, -73.996502),1
(40.688815, -73.985674),1
(40.729551, -73.888984),1
(40.76288, -73.980702),2
(40.756771, -73.985638),4
(40.77077, -73.99179),1
(40.602294, -73.965476),1
(40.774962, -73.959645),1
(40.714724, -74.014443),6
(40.707142, -73.940029),1
(40.765678, -73.963969),1
(40.735404, -73.994894),1
(40.789359, -73.907511),3
(40.786558, -73.951069),1
(40.633311, -73.919271),1
(40.757642, -73.997993),1
(40.748097, -73.8914),1
(40.698463, -73.810633),3
(40.69272, -73.988446),2
(40.75486, -73.983447),2
(40.742156, -73.989896),1
(40.729203, -74.007775),1
(40.746992, -74.001429),2
(40.765114, -73.954197),3
(40.733663, -73.989882),1
(40.821582, -73.911614),1
(40.735043, -73.821358),2
(40.739362, -73.99257),2
(40.741379, -74.004644),1
(40.709831, -74.009504),1
(40.755546, -73.966811),2
(40.658466, -73.920581),1
(40.762191, -73.980658),1
(40.701765, -73.796374),1
(40.586652, -73.966168),3
(40.707083, -74.006752),1
(40.710871, -74.00839),2
(40.76351, -73.956732),1
(40.73312, -73.993859),2
(40.759551, -73.973317),1
(40.744947, -73.986582),1
(40.775921, -73.986179),2
(40.752687, -73.972757),1
(40.737087, -73.976917),2
(40.824122, -73.944021),2
(40.752642, -73.977279),6
(40.757637, -73.979545),1
(40.754588, -73.978907),1
(40.694345, -73.991288),1
(40.760065, -73.988546),1
(40.73716, -73.988907),1
(40.702319, -73.80703),1
(40.72076, -73.807785),1
(40.789875, -73.953266),2
(40.758941, -73.993084),6
(40.705662, -74.006168),8
(40.750617, -73.995994),3
(40.75117, -73.709709),1
(40.764337, -73.977958),2
(40.756356, -73.979162),1
(40.696535, -73.994612),2
(40.786844, -73.951744),1
(40.757287, -73.983371),1
(40.722871, -73.989404),1
(40.711988, -74.009375),1
(40.667336, -73.798483),1
(40.724524, -74.000069),2
(40.777041, -73.963201),1
(40.750299, -73.990685),1
(40.702082, -73.989945),2
(40.759417, -73.985569),1
(40.722037, -73.998947),1
(40.716196, -73.959893),3
(40.763274, -73.989425),2
(40.672943, -73.96046),1
(40.80415, -73.910434),1
(40.855125, -73.8359),1
(40.732258, -74.008183),1
(40.762877, -73.979133),4
(40.760904, -73.974392),1
(40.721791, -74.008604),2
(40.721364, -74.005595),2
(40.862964, -73.897456),2
(40.73656, -73.996496),1
(40.719721, -73.999665),1
(40.823391, -73.942262),1
(40.668881, -73.979211),2
(40.597985, -73.766363),1
(40.75613, -73.994319),1
(40.776699, -73.955954),2
(40.704676, -74.007581),1
(40.77403, -73.963217),2
(40.659352, -74.004462),3
(40.738128, -73.982921),1
(40.707391, -74.006507),1
(40.766532, -73.991617),3
(40.747025, -73.928062),1
(40.762076, -73.956796),3
(40.807525, -73.944111),1
(40.751341, -73.978926),1
(40.751591, -73.979702),2
(40.763275, -73.977471),1
(40.763485, -73.974067),2
(40.76639, -73.958058),1
(40.751793, -73.991031),1
(40.739276, -73.983195),2
(40.765622, -73.979546),1
(40.740553, -73.995763),2
(40.722213, -74.009398),2
(40.760436, -73.998906),1
(40.888271, -73.916256),1
(40.704522, -74.012836),2
(40.714025, -74.003766),3
(40.760046, -73.972436),1
(40.76097, -73.98551),1
(40.516979, -74.196143),2
(40.692862, -73.983845),8
(40.765125, -73.978355),1
(40.758017, -73.969557),1
(40.715178, -74.005909),1
(40.719095, -74.005967),1
(40.725169, -74.008074),1
(40.76378, -73.978976),1
(40.753046, -73.984429),1
(40.744365, -73.987077),1
(40.740405, -73.991422),1
(40.768558, -73.934497),1
(40.785585, -73.980637),1
(40.724798, -73.996706),1
(40.706975, -74.016963),1
(40.704569, -74.008858),1
(40.758627, -73.986197),3
(40.765147, -73.968712),1
(40.787793, -73.976412),1
(40.731081, -73.995562),1
(40.72751, -73.991796),2
(40.691067, -73.982944),1
(40.740851, -73.985515),1
(40.785697, -73.951279),2
(40.779835, -73.953699),1
(40.586634, -73.971774),1
(40.61968, -73.959148),2
(40.721079, -74.006147),2
(40.792507, -73.951917),2
(40.766032, -73.970806),1
(40.749636, -73.978244),1
(40.763968, -73.963204),1
(40.765974, -73.96212),1
(40.746149, -73.988877),1
(40.74043, -73.994096),1
(40.816365, -73.947366),1
(40.74399, -73.975485),1
(40.779494, -73.982141),1
(40.762733, -73.970731),1
(40.816571, -73.899435),1
(40.868131, -73.900491),1
(40.726184, -74.00604),1
(40.691968, -73.989672),2
(40.755857, -73.987573),5
(40.747334, -73.982587),1
(40.769166, -73.985704),2
(40.77387, -73.980865),1
(40.744643, -73.974825),1
(40.783708, -73.949417),1
(40.764521, -73.976167),2
(40.763989, -73.982907),1
(40.765246, -73.982488),3
(40.730329, -73.998697),1
(40.738382, -73.988431),1
(40.774683, -73.954753),1
(40.693357, -73.991006),7
(40.753222, -73.971017),2
(40.732434, -73.990485),1
(40.723923, -73.998647),1
(40.715408, -74.012593),1
(40.761766, -73.983294),2
(40.82769, -73.912874),1
(40.703463, -73.989811),2
(40.756867, -73.970543),1
(40.761138, -73.972313),1
(40.73669, -73.983311),1
(40.707468, -74.005894),2
(40.716953, -74.014989),1
(40.741335, -74.00555),1
(40.761227, -73.978746),2
(40.777494, -73.955506),1
(40.73626, -73.998957),1
(40.846476, -73.845217),1
(40.747787, -73.984658),1
(40.755827, -73.970114),3
(40.756643, -73.97722),1
(40.76836, -73.962732),1
(40.718357, -73.993953),1
(40.748452, -73.985712),1
(40.883327, -73.889143),1
(40.740806, -74.006503),1
(40.707097, -74.010099),1
(40.774599, -73.956681),1
(40.751755, -73.998831),1
(40.743344, -73.987005),2
(40.750068, -73.983383),1
(40.762107, -73.984702),2
(40.757009, -73.925362),1
(40.762518, -73.983749),2
(40.736409, -73.99799),1
(40.752231, -73.981354),1
(40.747547, -73.944399),1
(40.774203, -73.985977),3
(40.779055, -73.951865),1
(40.836389, -73.861348),1
(40.769442, -73.95836),1
(40.760528, -73.8283),1
(40.773992, -73.991284),1
(40.757998, -73.988164),2
(40.764717, -73.994249),2
(40.713163, -74.008296),1
(40.804192, -73.96143),1
(40.64263, -74.104098),1
(40.754206, -73.97917),1
(40.772493, -73.989248),2
(40.74136, -74.003208),12
(40.823235, -73.911825),1
(40.718993, -73.963904),1
(40.717521, -74.014545),2
(40.754108, -73.965592),2
(40.715532, -74.016301),1
(40.76806, -73.984982),2
(40.748065, -73.986964),1
(40.742178, -73.937363),1
(40.767016, -73.968422),2
(40.772319, -73.886232),2
(40.768526, -73.96896),1
(40.752141, -73.991854),1
(40.718921, -73.80959),1
(40.726162, -73.996757),1
(40.690003, -73.997433),4
(40.758865, -73.830122),1
(40.742034, -73.97786),1
(40.726656, -73.994761),1
(40.777577, -73.979228),1
(40.692135, -73.990531),4
(40.757792, -73.983789),1
(40.70495, -74.014456),1
(40.755599, -73.982859),2
(40.763882, -73.979416),1
(40.701965, -73.803706),4
(40.735863, -73.815885),1
(40.675027, -73.816731),2
(40.744344, -73.957102),1
(40.722937, -74.002731),1
(40.735895, -73.994678),2
(40.730859, -74.000494),1
(40.750905, -73.983932),1
(40.74063, -74.007354),1
(40.736576, -73.906155),1
(40.792724, -73.975814),1
(40.607621, -73.943004),1
(40.763655, -73.827042),1
(40.706749, -74.002936),1
(40.66998, -73.987942),1
(40.756625, -73.983349),1
(40.864899, -73.931727),2
(40.710897, -73.89158),2
(40.736009, -73.818528),1
(40.720475, -73.956655),1
(40.722589, -74.00487),1
(40.710852, -74.009764),3
(40.776888, -73.950141),1
(40.769126, -73.956425),1
(40.749816, -73.989007),2
(40.76768, -73.958758),1
(40.717467, -74.00083),3
(40.778786, -73.947327),1
(40.706362, -74.005129),3
(40.695563, -73.989513),1
(40.804199, -73.966064),2
(40.756807, -73.984161),1
(40.757434, -73.977599),1
(40.765104, -73.962532),1
(40.672876, -73.945255),1
(40.759313, -73.832558),3
(40.751664, -73.899569),1
(40.719685, -74.008947),1
(40.874058, -73.883928),1
(40.734548, -73.995219),1
(40.759055, -73.98471),1
(40.708004, -73.869233),1
(40.654995, -73.771301),3
(40.716655, -74.002738),2
(40.756818, -73.988085),1
(40.741047, -73.973379),1
(40.761628, -73.966119),1
(40.76039, -73.975187),1
(40.750807, -73.971098),2
(40.755982, -73.97599),1
(40.705546, -74.0084),6
(40.720975, -74.002446),1
(40.867461, -73.825305),1
(40.806062, -73.884933),1
(40.778961, -73.953465),2
(40.772027, -73.955654),1
(40.714684, -74.008531),1
(40.629983, -73.995399),1
(40.74046, -73.993364),1
(40.824168, -73.915358),1
(40.770208, -73.991826),1
(40.674192, -74.006835),1
(40.700721, -74.013007),1
(40.761305, -73.984471),1
(40.715973, -74.014754),1
(40.761438, -73.957279),1
(40.757822, -73.828913),2
(40.709534, -74.009028),1
(40.757446, -73.983818),1
(40.69348, -73.971295),1
(40.704202, -73.917562),1
(40.820211, -73.950354),1
(40.774892, -73.985609),3
(40.737358, -74.000152),1
(40.779596, -73.946539),1
(40.743914, -73.984146),1
(40.70491, -74.006355),1
(40.759447, -73.960611),1
(40.586968, -73.93209),1
(40.717387, -74.003092),1
(40.805066, -73.965497),1
(40.765702, -73.981235),1
(40.75948, -73.971083),1
(40.808492, -73.888076),1
(40.722572, -73.994336),1
(40.63074, -73.973931),1
(40.689547, -73.992868),2
(40.778648, -73.943994),1
(40.692222, -73.969957),1
(40.758849, -73.830115),1
(40.768359, -73.868269),1
(40.802997, -73.94112),1
(40.824019, -73.930045),1
(40.856616, -73.842012),1
(40.752785, -73.983809),2
(40.703375, -73.989065),2
(40.758556, -73.993676),1
(40.864036, -73.899537),1
(40.674914, -73.988976),1
(40.778595, -73.962171),1
(40.679233, -73.979082),1
(40.705752, -74.011087),1
(40.737254, -74.009422),2
(40.772544, -73.946065),1
(40.724845, -74.007338),2
(40.745732, -73.941756),1
(40.725254, -74.008944),1
(40.776283, -73.946484),2
(40.905765, -73.907722),3
(40.765174, -73.989513),1
(40.756657, -73.978975),2
(40.707967, -74.01112),1
(40.756063, -73.963028),1
(40.772929, -73.947443),1
(40.758317, -73.794295),1
(40.772269, -73.964795),1
(40.753498, -73.967787),1
(40.742956, -73.952386),1
(40.750842, -73.941989),2
(40.749247, -73.891329),2
(40.586404, -73.818292),1
(40.781314, -73.980664),1
(40.662703, -73.999383),2
(40.763741, -73.957179),6
(40.745121, -73.885641),1
(40.910521, -73.910378),1
(40.781628, -73.952253),2
(40.736658, -73.993638),1
(40.72176, -74.001335),1
(40.759483, -73.988565),1
(40.744021, -73.97896),1
(40.75345, -73.989277),2
(40.742108, -73.935516),1
(40.723938, -73.984595),1
(40.782003, -73.954134),1
(40.741121, -74.006532),1
(40.719278, -73.98719),1
(40.739306, -73.99324),1
(40.750709, -73.984545),1
(40.75591, -73.884637),1
(40.849315, -73.917078),1
(40.757929, -73.986439),2
(40.753915, -73.974969),2
(40.712804, -74.006157),2
(40.793099, -73.951371),2
(40.735363, -74.00136),1
(40.71071, -73.856379),1
(40.678479, -73.931604),1
(40.733303, -73.980719),1
(40.692775, -73.991273),2
(40.799559, -73.964261),1
(40.759955, -73.986983),1
(40.738535, -73.989506),1
(40.770851, -73.92244),1
(40.753153, -73.980733),2
(40.86205, -73.911792),1
(40.72104, -74.008911),1
(40.762669, -73.968262),4
(40.756066, -73.992348),1
(40.719081, -73.732696),1
(40.84647, -73.910399),2
(40.657016, -73.943309),1
(40.749271, -73.938876),1
(40.716739, -74.009415),3
(40.775518, -73.963024),1
(40.734954, -73.818836),2
(40.739495, -73.982264),1
(40.737558, -73.984935),1
(40.761459, -73.984536),1
(40.762208, -73.983009),1
(40.72085, -73.760965),1
(40.717146, -73.997882),1
(40.72515, -73.82058),1
(40.757211, -73.924282),1
(40.735011, -73.994793),1
(40.761531, -73.998794),1
(40.721633, -73.846932),1
(40.715953, -73.833345),1
(40.756596, -73.971987),1
(40.761783, -73.956301),6
(40.760574, -73.977591),1
(40.783512, -73.978461),1
(40.800197, -73.960667),1
(40.732854, -74.002623),1
(40.715804, -73.996959),2
(40.638983, -73.997903),2
(40.76593, -73.952835),1
(40.80414, -73.956019),1
(40.75287, -73.996069),1
(40.746328, -73.97272),2
(40.852045, -73.844349),1
(40.840099, -73.938294),2
(40.736493, -74.007791),1
(40.706147, -74.006802),2
(40.748671, -73.981965),1
(40.690409, -73.988753),2
(40.73863, -73.977728),1
(40.769955, -73.963807),1
(40.727506, -73.856444),1
(40.768697, -73.961013),1
(40.798954, -73.909363),2
(40.675016, -73.981441),1
(40.764796, -73.971933),1
(40.722153, -73.849258),1
(40.733328, -73.982345),3
(40.768176, -73.987469),1
(40.725808, -74.009687),1
(40.879994, -73.877374),1
(40.770898, -73.987797),1
(40.698958, -73.987471),1
(40.774881, -73.962227),1
(40.728688, -73.84977),1
(40.839656, -73.941405),3
(40.764517, -73.970315),1
(40.712508, -73.785841),1
(40.790208, -73.975609),1
(40.760351, -73.985973),1
(40.708138, -74.004949),1
(40.745468, -73.984308),1
(40.69459, -73.900088),1
(40.775768, -73.962209),1
(40.617297, -73.992036),1
(40.758299, -73.967903),6
(40.710645, -74.015557),3
(40.74596, -73.971468),4
(40.756173, -73.988157),2
(40.704102, -73.98707),1
(40.778356, -73.947872),1
(40.690688, -73.987152),1
(40.734536, -73.817996),1
(40.731191, -73.991102),1
(40.78468, -73.94924),1
(40.759848, -73.97118),1
(40.752833, -73.974735),2
(40.75189, -73.980304),1
(40.606196, -74.179562),1
(40.724236, -73.997197),3
(40.700055, -73.90009),1
(40.640287, -73.999784),1
(40.667764, -73.786334),1
(40.774016, -73.946103),1
(40.724681, -73.978974),1
(40.742293, -74.003428),1
(40.712972, -73.996916),1
(40.737674, -73.992927),3
(40.754787, -73.988544),1
(40.778809, -73.948312),1
(40.719696, -73.964228),1
(40.753813, -73.972796),1
(40.753364, -73.999567),8
(40.75977, -73.976804),1
(40.766303, -73.95355),1
(40.752035, -73.976338),3
(40.702845, -73.989101),1
(40.719789, -74.00057),1
(40.728863, -73.889945),2
(40.719856, -73.914213),1
(40.763619, -73.985961),1
(40.747845, -73.985795),3
(40.756003, -73.964003),1
(40.757583, -73.968535),1
(40.776325, -73.963717),1
(40.74687, -73.981948),2
(40.70993, -74.006601),1
(40.707162, -73.796459),1
(40.759552, -73.986074),2
(40.769002, -73.964263),1
(40.763024, -73.949577),1
(40.7381, -73.989701),2
(40.765559, -73.952189),2
(40.762219, -73.969317),1
(40.812728, -73.961179),1
(40.755387, -73.97887),1
(40.757963, -73.992265),1
(40.749801, -73.981124),1
(40.756394, -73.966944),1
(40.687889, -73.992947),1
(40.740758, -73.983274),1
(40.73544, -73.99729),1
(40.694175, -73.990913),1
(40.743402, -73.993266),1
(40.694655, -73.992124),2
(40.727008, -73.977054),1
(40.747409, -73.992829),1
(40.752863, -73.987837),1
(40.779522, -73.954147),1
(40.723563, -74.002179),1
(40.819211, -73.942555),1
(40.72925, -73.998225),1
(40.749403, -73.846762),6
(40.782297, -73.948155),2
(40.74307, -74.005724),1
(40.680052, -73.959349),1
(40.755251, -73.974257),7
(40.740045, -73.975487),1
(40.764607, -73.969359),1
(40.764944, -73.977153),1
(40.711667, -74.006186),1
(40.760759, -73.971804),1
(40.716286, -74.015461),1
(40.772865, -73.958773),1
(40.763015, -73.984528),1
(40.769885, -73.985101),1
(40.748875, -74.005836),1
(40.71868, -73.996061),2
(40.778155, -73.953996),1
(40.739669, -74.002988),1
(40.759462, -73.974934),1
(40.70312, -74.012299),1
(40.753226, -73.709661),1
(40.727554, -74.005827),1
(40.75348, -73.972049),1
(40.709123, -74.00848),1
(40.76367, -73.976362),6
(40.748949, -73.975076),2
(40.697798, -73.993483),1
(40.721142, -74.010963),1
(40.775427, -73.986883),2
(40.765578, -73.967019),1
(40.736549, -74.000007),1
(40.776047, -73.985013),1
(40.732489, -74.000022),1
(40.774421, -73.877294),2
(40.713674, -73.99719),1
(40.828097, -73.909362),1
(40.802591, -73.935258),2
(40.714379, -73.999426),1
(40.771947, -73.958647),1
(40.757656, -73.96607),1
(40.783844, -73.775138),1
(40.772184, -73.949394),1
(40.748911, -73.992554),1
(40.750369, -73.97845),1
(40.702002, -73.987056),1
(40.771115, -73.982837),1
(40.760697, -73.973079),1
(40.706486, -74.012274),2
(40.708774, -74.006745),1
(40.803102, -73.91192),1
(40.713676, -74.009274),1
(40.809043, -73.9638),2
(40.756477, -73.982472),1
(40.777658, -73.952747),1
(40.733414, -73.990225),2
(40.765204, -73.952727),2
(40.756151, -73.970944),1
(40.714234, -74.005653),2
(40.668998, -73.922173),1
(40.717077, -74.006991),1
(40.756523, -73.757218),1
(40.778042, -73.953325),1
(40.703711, -73.797876),1
(40.778397, -73.987901),1
(40.771806, -73.960882),1
(40.774312, -73.958887),1
(40.711396, -74.005905),1
(40.78251, -73.950881),1
(40.742214, -73.998221),2
(40.735091, -73.993887),1
(40.719032, -73.965108),1
(40.849995, -73.878301),6
(40.781125, -73.984495),1
(40.800533, -73.947364),1
(40.791694, -73.876591),2
(40.795021, -73.888776),1
(40.720073, -74.004636),22
(40.691767, -73.990981),2
(40.720237, -73.956457),2
(40.76309, -73.963053),2
(40.714615, -74.00637),1
(40.72771, -73.995447),2
(40.762121, -74.000307),1
(40.744338, -73.991223),3
(40.733795, -74.007011),1
(40.77414, -73.963412),1
(40.750099, -73.937222),1
(40.768847, -73.9514),1
(40.749747, -73.984167),1
(40.766149, -73.96643),1
(40.738856, -73.989539),1
(40.757245, -73.97774),1
(40.79724, -73.888567),1
(40.741513, -73.986485),3
(40.864333, -73.87771),2
(40.750808, -73.938615),2
(40.736433, -73.820105),1
(40.754639, -73.988385),1
(40.757369, -73.981624),1
(40.698249, -73.967936),1
(40.743054, -73.994659),1
(40.703183, -74.009154),5
(40.762765, -73.982857),1
(40.72053, -73.962586),1
(40.608374, -74.108045),2
(40.694202, -73.986614),4
(40.694481, -73.953564),3
(40.824095, -73.899438),1
(40.770224, -73.966204),1
(40.778895, -73.951407),1
(40.760188, -73.984363),1
(40.702258, -73.972767),1
(40.761759, -73.973818),6
(40.592775, -73.781494),1
(40.753406, -73.970259),2
(40.709633, -74.007553),1
(40.772121, -73.954325),1
(40.758442, -73.8296),1
(40.789043, -73.947243),1
(40.676252, -73.894266),1
(40.861975, -73.89681),2
(40.75963, -73.966798),1
(40.716811, -74.003539),1
(40.719372, -74.007269),1
(40.769733, -73.960015),1
(40.835289, -73.918278),1
(40.760014, -73.958091),1
(40.766853, -73.955026),1
(40.717894, -73.960409),1
(40.734447, -73.993653),1
(40.759741, -73.920031),1
(40.728981, -73.996295),1
(40.739225, -74.002425),1
(40.709323, -74.007142),1
(40.742403, -73.990578),1
(40.756668, -73.829468),1
(40.763015, -73.961696),1
(40.756554, -73.835599),1
(40.765481, -73.813251),1
(40.688256, -73.983215),1
(40.600996, -73.754242),1
(40.84098, -73.917132),1
(40.720304, -74.001097),1
(40.757231, -73.977022),1
(40.729003, -74.005657),4
(40.766879, -73.982213),1
(40.710877, -74.007369),1
(40.76001, -73.970404),1
(40.672171, -73.968071),3
(40.734633, -73.99305),1
(40.760781, -73.962195),1
(40.724738, -73.999885),1
(40.708219, -74.010521),4
(40.714573, -74.012954),6
(40.75165, -73.989533),2
(40.851799, -73.846202),3
(40.757098, -73.963125),1
(40.755122, -73.964274),1
(40.788337, -73.975444),10
(40.763647, -73.831057),1
(40.746332, -73.982601),1
(40.748934, -73.982691),5
(40.8078, -73.879851),1
(40.679515, -73.937974),1
(40.744981, -73.975254),1
(40.756185, -73.847326),3
(40.716022, -74.014789),1
(40.769237, -73.927103),1
(40.674252, -73.985057),1
(40.720547, -73.995628),1
(40.819582, -73.954968),1
(40.59947, -73.989752),1
(40.758851, -73.830111),1
(40.742191, -73.986565),1
(40.751356, -73.97462),8
(40.757641, -73.923861),1
(40.713286, -74.010136),1
(40.770262, -73.956691),1
(40.771005, -73.960099),1
(40.750098, -73.983813),2
(40.748093, -73.976866),2
(40.88926, -73.906218),1
(40.769626, -73.951327),1
(40.759614, -73.968704),2
(40.735201, -74.009006),1
(40.771167, -73.980858),3
(40.792933, -73.947171),1
(40.805002, -73.937344),1
(40.674982, -73.900921),1
(40.718787, -74.001815),1
(40.632334, -73.889081),1
(40.884668, -73.913924),2
(40.76119, -73.95676),7
(40.82629, -73.923799),1
(40.774859, -73.98376),1
(40.738677, -73.979778),1
(40.779075, -73.955429),1
(40.760807, -73.977363),1
(40.768996, -73.961606),1
(40.759718, -73.967412),1
(40.710465, -74.0105),2
(40.779766, -73.981206),1
(40.736123, -73.99235),2
(40.577672, -73.936754),8
(40.82161, -73.947878),1
(40.816758, -73.924478),3
(40.82571, -73.921084),1
(40.606815, -74.175436),4
(40.690749, -73.986438),1
(40.674756, -73.874752),1
(40.738489, -73.99121),7
(40.783039, -73.956643),2
(40.761768, -73.980027),3
(40.784617, -73.82546),1
(40.723459, -73.991901),1
(40.736342, -73.973294),2
(40.760371, -73.976706),3
(40.725454, -73.956482),3
(40.771811, -73.967074),1
(40.578043, -73.934169),1
(40.762327, -73.974854),2
(40.633935, -74.011814),1
(40.598746, -73.957073),1
(40.763413, -73.98042),2
(40.721757, -73.98816),2
(40.764892, -73.983528),1
(40.731369, -73.862129),1
(40.757185, -73.980826),1
(40.742406, -73.973643),1
(40.757845, -73.990182),1
(40.752262, -73.994615),2
(40.756232, -73.986533),1
(40.707876, -74.014088),2
(40.781503, -73.959602),1
(40.767301, -73.953867),1
(40.7462, -73.97853),2
(40.745278, -73.981627),1
(40.670847, -73.974564),1
(40.774135, -73.956963),1
(40.748503, -73.946492),2
(40.766187, -73.957578),1
(40.740261, -73.985789),1
(40.806309, -73.920885),1
(40.722147, -74.007648),1
(40.777944, -73.976556),1
(40.762533, -73.962494),1
(40.739246, -73.986717),1
(40.736238, -73.988749),1
(40.765855, -73.952478),1
(40.756657, -73.98959),1
(40.692816, -73.987559),3
(40.63959, -73.999312),1
(40.683937, -73.871894),1
(40.754698, -73.978408),3
(40.831791, -73.912414),1
(40.703074, -73.799367),1
(40.703809, -74.007693),5
(40.736697, -73.994165),1
(40.760419, -73.972541),1
(40.678146, -73.839396),2
(40.757076, -73.972405),3
(40.704059, -74.009655),2
(40.691641, -73.985598),1
(40.762972, -73.973262),1
(40.817107, -73.890933),2
(40.727208, -73.995509),1
(40.716056, -74.003539),1
(40.719608, -74.00991),1
(40.689146, -73.988032),1
(40.76714, -73.960045),2
(40.750258, -73.985462),2
(40.715279, -74.007961),1
(40.759468, -73.831955),1
(40.693892, -73.989423),4
(40.750012, -73.9754),1
(40.734395, -73.983001),1
(40.713536, -74.014869),2
(40.870276, -73.82879),1
(40.765356, -73.969207),1
(40.75391, -73.981206),3
(40.780604, -73.956403),1
(40.764422, -73.985474),1
(40.711165, -74.00479),1
(40.7449, -73.904693),1
(40.631761, -74.028008),1
(40.76079, -73.999235),1
(40.780196, -73.958776),1
(40.708393, -74.008682),6
(40.694614, -73.972813),1
(40.793826, -73.966478),1
(40.635632, -74.001142),3
(40.768894, -73.959721),2
(40.761909, -73.985785),2
(40.746328, -73.993616),1
(40.719907, -73.935216),1
(40.718293, -74.005004),1
(40.705461, -74.009569),1
(40.759914, -73.991163),2
(40.744418, -73.999534),1
(40.778962, -73.960975),1
(40.657008, -73.938193),1
(40.733365, -73.956546),1
(40.780405, -73.900699),3
(40.790699, -73.979365),1
(40.801793, -73.967413),1
(40.74942, -73.980478),1
(40.719233, -74.000245),1
(40.739301, -73.98768),1
(40.724788, -74.008554),1
(40.70022, -73.903372),1
(40.659917, -74.003896),4
(40.750874, -73.977756),2
(40.772034, -73.959391),1
(40.781939, -73.952091),1
(40.756418, -73.975094),2
(40.70943, -74.014341),1
(40.665553, -73.91788),2
(40.746324, -73.980328),1
(40.769254, -73.968945),1
(40.754194, -73.987566),3
(40.808869, -73.898356),2
(40.808746, -73.948929),2
(40.742173, -73.950051),1
(40.697265, -73.961532),3
(40.749415, -73.985776),1
(40.74854, -73.973654),1
(40.7601, -73.986103),1
(40.75966, -73.828258),1
(40.709488, -74.00861),1
(40.69272, -73.859512),1
(40.656761, -74.007346),1
(40.79417, -73.974676),1
(40.77721, -73.952596),1
(40.784115, -73.973499),1
(40.745942, -74.004982),2
(40.795446, -73.930837),3
(40.763777, -73.978572),1
(40.860374, -73.859255),1
(40.579446, -74.130289),2
(40.758457, -73.972148),2
(40.760066, -73.966354),1
(40.691572, -73.988775),1
(40.68523, -73.974421),1
(40.763249, -73.973182),4
(40.695874, -73.932747),1
(40.720163, -73.957738),1
(40.739727, -74.003995),1
(40.775929, -73.961937),1
(40.727916, -73.991759),1
(40.74212, -73.920157),1
(40.772323, -73.987667),2
(40.763016, -73.965078),3
(40.771231, -73.962604),1
(40.718919, -73.999791),1
(40.809632, -73.948411),1
(40.755663, -73.965255),1
(40.652138, -73.990255),1
(40.780691, -73.959548),1
(40.769817, -73.96402),1
(40.689492, -73.990949),1
(40.758996, -73.927803),1
(40.878086, -73.916862),1
(40.762949, -73.968937),2
(40.754626, -73.974723),4
(40.75519, -73.985652),1
(40.720214, -74.007468),1
(40.856126, -73.929166),1
(40.724367, -73.999408),1
(40.754271, -73.993084),1
(40.87868, -73.914742),1
(40.780007, -73.962824),21
(40.802757, -73.944451),2
(40.781679, -73.979942),1
(40.767305, -73.953029),1
(40.606095, -73.999899),1
(40.78136, -73.951091),1
(40.751378, -74.003909),1
(40.758202, -73.963359),1
(40.751237, -73.980882),4
(40.705909, -74.004202),2
(40.755008, -73.981635),1
(40.771069, -73.964439),1
(40.776102, -73.953378),2
(40.759971, -73.981612),1
(40.767447, -73.897433),1
(40.592517, -74.130124),1
(40.846058, -73.908979),2
(40.781124, -73.957934),1
(40.739727, -73.99598),1
(40.707994, -73.947841),1
(40.755295, -73.972947),2
(40.718065, -74.011998),3
(40.777285, -73.985417),2
(40.714269, -74.008755),1
(40.764015, -73.831197),1
(40.747061, -73.976744),2
(40.766173, -73.978517),1
(40.76637, -73.999711),1
