(40.73228, -73.99387),1
(40.722523, -74.009178),1
(40.778139, -73.953505),1
(40.720612, -73.955869),1
(40.731591, -74.008165),1
(40.741283, -74.007687),1
(40.805696, -73.96148),1
(40.722693, -73.998467),4
(40.781137, -73.840989),1
(40.720555, -73.995274),2
(40.745663, -73.98826),1
(40.758798, -73.975252),3
(40.77064, -73.953315),1
(40.765624, -73.977484),1
(40.744777, -73.99179),1
(40.746503, -73.985478),1
(40.851107, -73.850274),1
(40.757676, -73.978447),1
(40.673696, -73.898709),1
(40.816145, -73.919432),1
(40.771901, -73.9506),2
(40.752298, -73.99001),1
(40.744029, -73.990141),1
(40.708177, -74.007473),1
(40.737111, -73.987901),2
(40.758963, -73.967589),5
(40.766055, -73.977936),1
(40.747341, -73.957056),1
(40.639267, -74.074049),1
(40.707627, -74.010763),3
(40.670553, -73.963757),4
(40.763806, -73.970583),1
(40.765595, -73.968997),1
(40.702275, -73.99367),1
(40.729012, -73.991283),1
(40.755274, -73.926064),1
(40.740048, -74.004749),1
(40.71616, -74.010165),1
(40.739046, -73.990899),1
(40.619834, -74.032135),1
(40.653432, -73.768908),3
(40.769079, -73.966609),1
(40.759242, -73.962721),1
(40.717704, -73.996681),1
(40.752715, -73.974457),1
(40.754393, -73.976106),9
(40.745722, -73.978823),1
(40.736097, -73.993112),2
(40.746166, -73.995233),1
(40.750285, -73.969853),1
(40.70576, -74.014001),1
(40.67448, -73.93022),1
(40.578118, -73.849558),1
(40.842958, -73.943344),1
(40.705945, -73.794385),1
(40.742972, -73.957976),1
(40.736956, -73.979446),1
(40.721334, -74.003824),1
(40.773609, -73.913339),2
(40.785589, -73.92949),1
(40.768171, -73.956151),1
(40.758593, -73.984468),1
(40.719778, -73.988088),1
(40.728754, -73.999827),1
(40.762366, -73.965591),2
(40.634972, -73.985491),1
(40.780072, -73.955714),1
(40.686992, -74.000498),1
(40.796668, -73.969514),1
(40.755556, -73.990374),1
(40.752879, -73.986703),5
(40.801531, -73.935371),2
(40.721341, -73.845753),2
(40.756614, -73.979823),2
(40.705041, -74.008119),2
(40.758018, -73.965301),2
(40.738533, -73.9965),1
(40.77196, -73.98606),2
(40.780472, -73.954442),1
(40.758474, -73.974097),2
(40.773984, -73.981731),1
(40.7689, -73.986548),2
(40.678105, -73.896868),1
(40.731538, -73.999574),1
(40.760481, -73.968812),1
(40.617093, -73.963397),1
(40.771431, -73.992967),1
(40.704891, -73.795695),1
(40.75649, -73.981462),1
(40.758862, -73.830129),1
(40.744629, -73.996113),2
(40.826675, -73.920297),2
(40.764544, -73.961067),2
(40.759477, -73.98585),1
(40.716613, -74.01435),1
(40.7482, -73.991212),1
(40.739693, -73.987832),1
(40.695049, -73.983574),1
(40.781034, -73.981736),1
(40.741225, -73.731149),1
(40.724286, -73.907493),1
(40.723506, -73.976579),1
(40.753184, -73.993233),1
(40.657005, -73.943711),1
(40.58935, -73.898817),2
(40.768301, -73.959974),1
(40.765449, -73.987502),1
(40.750495, -73.993395),5
(40.71285, -73.825522),2
(40.68551, -73.977732),1
(40.706521, -73.796053),1
(40.858707, -73.896736),1
(40.823195, -73.939729),1
(40.69544, -73.982824),1
(40.741445, -74.001696),1
(40.771806, -73.841975),4
(40.774246, -73.980594),1
(40.684906, -73.998323),1
(40.780013, -73.960195),1
(40.764292, -73.915235),1
(40.749569, -73.988422),1
(40.735889, -73.982835),1
(40.806414, -73.966677),1
(40.761459, -73.985485),2
(40.779014, -73.959899),1
(40.767578, -73.990166),1
(40.693475, -73.991428),2
(40.746888, -73.982302),1
(40.746648, -73.956956),1
(40.753766, -73.994557),1
(40.831014, -73.919757),1
(40.772718, -73.983858),5
(40.757155, -73.984645),1
(40.703144, -74.011909),2
(40.73647, -73.982293),2
(40.752335, -73.985195),2
(40.733927, -74.006618),1
(40.770536, -73.963222),1
(40.744912, -73.990989),1
(40.754168, -73.977921),2
(40.676136, -73.980655),1
(40.761752, -73.969739),1
(40.758306, -73.973729),3
(40.763837, -73.977138),1
(40.760473, -73.978883),2
(40.708659, -74.007982),2
(40.607579, -74.172845),1
(40.738642, -73.987955),1
(40.773574, -73.946136),1
(40.707888, -73.823988),1
(40.777943, -73.95265),3
(40.748244, -74.004753),1
(40.710339, -73.990351),1
(40.696976, -73.982762),1
(40.723, -74.001688),2
(40.652355, -74.010707),2
(40.732918, -73.981029),1
(40.744223, -73.973547),2
(40.738131, -73.984014),1
(40.767451, -73.905166),2
(40.720473, -74.004098),2
(40.695615, -73.982164),1
(40.75687, -73.930357),1
(40.706208, -74.009919),3
(40.767227, -73.867087),2
(40.775495, -73.981554),1
(40.723868, -73.997496),1
(40.762602, -73.973782),1
(40.718924, -73.9954),1
(40.7597, -73.973703),5
(40.757134, -73.988836),1
(40.748559, -73.972499),2
(40.726961, -73.975845),1
(40.706229, -74.017096),1
(40.713391, -73.955567),2
(40.781819, -73.980548),1
(40.764547, -73.972359),1
(40.79471, -73.966752),1
(40.770906, -73.952781),1
(40.787591, -73.942376),1
(40.706273, -74.011654),1
(40.705416, -74.011972),3
(40.718156, -74.007439),2
(40.745111, -73.983211),3
(40.761397, -73.97567),1
(40.776899, -73.954986),1
(40.764916, -73.975127),1
(40.678427, -73.953824),1
(40.742624, -73.994619),1
(40.771099, -73.988274),1
(40.751455, -73.989948),1
(40.684681, -73.999416),1
(40.71887, -73.987403),1
(40.743244, -73.9579),1
(40.775316, -73.958233),1
(40.780216, -73.953836),1
(40.708388, -74.001526),1
(40.761954, -73.976168),1
(40.753376, -73.985584),1
(40.77368, -73.951183),2
(40.716912, -74.007832),2
(40.745165, -73.980285),1
(40.721612, -74.000606),2
(40.712192, -74.009144),1
(40.739842, -73.995547),1
(40.867162, -73.902978),1
(40.771699, -73.960564),1
(40.703043, -73.991001),1
(40.755344, -73.962855),1
(40.667829, -73.979136),2
(40.661847, -74.002685),4
(40.777613, -73.956589),1
(40.768786, -73.950898),1
(40.638505, -73.99862),1
(40.751523, -73.971382),2
(40.748495, -74.003595),1
(40.862459, -73.894716),1
(40.799864, -73.963629),1
(40.762673, -73.97459),1
(40.754889, -73.973027),1
(40.764496, -73.979106),1
(40.729368, -73.990475),1
(40.749196, -73.943571),2
(40.852896, -73.934739),1
(40.7349, -73.82045),1
(40.762492, -73.991827),1
(40.766378, -73.963474),1
(40.766857, -73.95265),2
(40.786572, -73.956338),2
(40.765683, -73.954149),1
(40.685984, -73.78346),2
(40.715741, -73.958332),1
(40.73719, -73.87637),1
(40.587385, -74.091784),1
(40.737487, -73.986457),1
(40.727674, -73.989757),2
(40.80903, -73.961371),1
(40.756054, -73.981617),1
(40.752186, -73.979387),2
(40.720082, -73.989091),1
(40.757077, -73.978982),4
(40.762634, -73.98434),1
(40.702752, -73.991276),1
(40.804645, -73.963304),1
(40.776611, -73.981626),1
(40.759254, -73.965762),1
(40.714398, -73.919678),1
(40.63423, -74.023922),1
(40.635563, -74.141928),1
(40.74385, -73.934244),1
(40.596525, -73.977358),1
(40.726917, -74.005221),3
(40.74272, -73.983981),1
(40.671735, -73.895219),1
(40.709704, -74.012235),1
(40.763644, -73.961244),2
(40.600238, -74.086786),1
(40.746536, -73.98499),3
(40.706855, -74.013024),2
(40.748805, -73.888454),2
(40.766122, -73.954936),3
(40.709134, -74.007531),1
(40.862846, -73.884294),1
(40.731095, -73.992668),2
(40.664783, -73.950982),1
(40.723358, -74.008756),1
(40.68485, -73.867987),1
(40.7644, -73.9662),3
(40.751198, -73.979976),2
(40.826509, -73.919127),4
(40.751581, -73.973331),1
(40.796563, -73.967184),1
(40.714003, -74.008203),1
(40.724612, -73.998066),2
(40.767171, -73.98508),1
(40.756262, -73.979263),1
(40.721461, -74.000736),1
(40.872347, -73.893471),1
(40.717715, -74.00834),9
(40.80912, -73.951471),1
(40.692577, -73.984974),1
(40.760619, -73.985077),2
(40.709593, -74.009833),1
(40.803804, -73.941091),1
(40.67468, -73.946068),2
(40.781243, -73.960248),1
(40.729766, -73.988115),1
(40.749967, -73.987141),5
(40.761514, -73.972039),2
(40.725155, -73.997604),1
(40.744805, -73.992775),2
(40.722489, -73.848373),1
(40.731298, -73.810186),1
(40.751206, -73.985829),1
(40.738929, -73.988824),1
(40.775462, -73.982651),2
(40.753567, -73.980358),1
(40.742982, -73.993724),1
(40.747565, -73.981771),1
(40.773654, -73.960856),11
(40.773568, -73.980525),1
(40.759536, -73.976999),2
(40.707363, -74.008155),1
(40.773918, -73.94901),1
(40.659575, -73.933804),1
(40.766702, -73.919683),1
(40.781339, -73.957439),1
(40.755697, -73.981162),1
(40.883026, -73.893241),1
(40.715126, -73.999416),1
(40.723748, -73.980457),1
(40.778255, -73.949194),1
(40.737077, -73.994595),2
(40.760201, -73.827603),1
(40.718496, -73.987078),1
(40.657507, -73.960315),1
(40.715799, -73.998373),1
(40.781354, -73.97406),6
(40.75081, -73.973537),7
(40.787537, -73.954167),2
(40.750745, -73.979359),2
(40.768469, -73.983094),2
(40.733098, -73.990279),1
(40.693249, -73.984753),2
(40.760635, -73.968989),3
(40.690651, -73.996812),2
(40.738593, -74.001389),2
(40.769148, -73.964653),1
(40.752583, -73.989833),1
(40.736161, -73.994739),1
(40.738628, -73.98606),1
(40.737223, -73.989391),1
(40.77451, -73.983157),1
(40.613233, -74.033936),1
(40.768169, -73.925281),1
(40.779674, -73.976739),1
(40.65509, -73.94519),1
(40.655326, -73.915435),1
(40.711516, -73.827701),1
(40.786369, -73.977358),2
(40.836342, -73.920365),2
(40.760125, -73.970094),1
(40.705988, -74.012595),4
(40.645563, -74.022414),2
(40.773229, -73.955549),1
(40.751444, -73.973007),4
(40.702892, -73.990158),2
(40.635843, -73.933103),1
(40.707728, -74.009735),1
(40.691109, -73.988317),2
(40.760402, -73.968628),1
(40.74723, -73.982421),1
(40.807017, -73.938715),3
(40.581665, -74.077887),1
(40.77985, -73.957877),1
(40.719103, -74.000714),2
(40.745521, -73.997914),1
(40.76076, -73.975129),1
(40.756662, -73.976058),1
(40.771863, -73.964889),1
(40.721249, -73.999978),1
(40.701739, -73.988225),1
(40.67793, -73.981678),1
(40.848357, -73.932207),1
(40.772789, -73.990405),1
(40.779024, -73.978025),1
(40.742166, -73.983826),2
(40.762556, -73.971822),1
(40.723439, -74.006819),4
(40.7457, -73.956231),1
(40.744991, -74.002887),2
(40.705428, -74.012901),2
(40.694824, -73.807946),1
(40.852585, -73.840764),1
(40.752071, -73.980174),1
(40.748451, -73.983488),1
(40.712311, -73.787497),1
(40.734001, -73.987746),5
(40.765644, -73.956102),4
(40.767267, -73.963271),2
(40.749007, -73.990281),1
(40.716476, -74.005783),5
(40.679926, -73.953689),1
(40.749428, -73.870165),1
(40.644615, -74.109657),1
(40.72656, -73.994567),1
(40.713694, -73.997392),1
(40.687716, -73.978336),1
(40.690801, -73.988136),1
(40.635877, -74.10556),4
(40.747903, -73.955854),1
(40.734643, -73.989215),1
(40.774222, -73.984262),3
(40.764144, -73.963691),2
(40.771297, -73.949463),1
(40.751502, -73.977056),1
(40.700568, -73.799187),1
(40.711243, -73.980886),1
(40.778004, -73.96125),1
(40.877111, -73.828975),1
(40.762435, -73.978114),2
(40.755845, -73.756617),1
(40.747858, -73.756541),1
(40.761249, -73.974479),3
(40.765248, -73.976041),1
(40.764499, -73.964843),2
(40.859585, -73.885019),1
(40.616576, -73.979044),1
(40.740758, -73.982783),3
(40.729719, -73.98881),1
(40.752554, -73.96826),2
(40.654919, -73.912379),1
(40.76003, -73.973508),1
(40.77899, -73.987662),1
(40.737397, -73.996161),1
(40.780304, -73.982953),1
(40.764664, -73.977351),1
(40.698374, -73.995052),1
(40.75919, -73.974292),1
(40.779143, -73.953335),1
(40.735919, -73.984776),1
(40.663757, -73.887392),1
(40.748337, -74.000386),1
(40.721768, -74.009495),1
(40.843368, -73.943293),2
(40.776981, -73.988562),1
(40.773227, -73.949721),1
(40.760951, -73.982056),6
(40.756859, -73.97264),1
(40.78349, -73.958586),1
(40.634136, -74.135379),1
(40.774032, -73.869733),3
(40.720022, -73.991659),1
(40.764723, -73.967096),2
(40.764919, -73.977914),1
(40.737859, -73.95137),1
(40.745041, -73.982562),1
(40.753132, -73.973352),3
(40.742994, -73.978499),2
(40.774202, -73.97785),1
(40.752237, -74.006194),3
(40.873638, -73.893099),2
(40.666789, -73.951824),2
(40.817159, -73.920298),1
(40.779006, -73.986055),1
(40.760198, -73.968094),1
(40.745402, -73.982089),1
(40.767216, -73.956109),1
(40.896453, -73.909091),1
(40.770497, -73.983339),1
(40.761361, -73.962834),1
(40.725246, -73.999354),1
(40.74988, -73.994745),1
(40.780192, -73.986517),1
(40.60453, -73.971237),1
(40.742215, -73.936443),1
(40.763362, -73.97642),1
(40.690396, -73.9877),1
(40.748035, -73.991992),1
(40.706294, -73.896853),1
(40.741562, -73.97472),1
(40.880486, -73.881087),3
(40.802303, -73.935566),1
(40.758035, -73.977086),2
(40.793169, -73.946962),2
(40.784352, -73.971762),1
(40.740863, -73.986901),5
(40.732351, -73.989702),1
(40.739522, -73.980243),1
(40.805177, -73.904867),2
(40.753512, -73.968588),1
(40.744755, -73.995536),1
(40.738154, -73.976572),2
(40.771502, -73.960099),1
(40.736858, -73.990968),1
(40.743256, -73.984616),1
(40.779212, -73.960368),2
(40.814579, -73.945008),1
(40.732604, -74.00228),1
(40.80752, -73.959633),1
(40.62109, -74.029342),1
(40.729204, -73.985898),1
(40.688759, -73.984531),1
(40.709847, -74.013973),2
(40.751194, -73.984625),1
(40.860166, -73.887425),1
(40.688846, -73.981982),2
(40.744746, -73.982652),1
(40.675904, -73.939282),1
(40.751498, -73.850011),1
(40.710301, -73.966292),2
(40.721735, -73.998102),1
(40.775415, -73.910939),1
(40.757504, -73.991582),12
(40.736521, -73.991185),4
(40.731937, -73.864415),3
(40.766276, -73.982531),2
(40.707492, -74.012512),1
(40.777687, -73.976729),1
(40.750533, -74.000235),1
(40.76286, -73.977182),1
(40.765501, -73.979001),2
(40.691192, -73.979601),2
(40.755196, -73.98797),2
(40.725436, -74.000819),1
(40.765293, -73.798158),1
(40.727882, -73.994176),1
(40.597823, -73.987051),1
(40.765061, -73.956579),10
(40.810955, -73.953764),1
(40.764749, -73.978943),1
(40.769743, -73.985509),1
(40.763886, -73.974991),9
(40.785214, -73.969891),1
(40.712088, -73.951618),1
(40.752566, -73.987894),3
(40.715741, -73.939347),1
(40.749248, -74.006392),1
(40.76986, -73.981393),2
(40.720807, -74.000094),3
(40.744205, -73.718069),1
(40.748052, -73.992414),1
(40.685748, -73.974501),1
(40.665054, -73.84012),1
(40.755404, -73.982393),1
(40.738022, -73.988348),1
(40.614284, -74.123211),2
(40.75498, -73.97215),1
(40.717821, -74.006753),2
(40.774805, -73.963603),1
(40.760261, -73.966823),1
(40.729816, -73.950642),1
(40.695547, -73.987843),2
(40.732936, -73.986888),1
(40.736278, -73.982445),1
(40.768569, -73.867146),1
(40.76688, -73.960798),3
(40.703523, -73.985094),1
(40.73561, -73.995594),1
(40.754199, -73.969425),1
(40.848833, -73.93825),1
(40.83611, -73.858934),1
(40.745886, -73.992652),1
(40.862432, -73.899512),2
(40.676914, -73.914138),1
(40.766963, -73.969358),1
(40.73634, -73.995309),1
(40.746138, -73.926937),1
(40.75814, -73.983038),3
(40.714305, -74.001569),1
(40.758736, -73.960947),1
(40.700913, -73.943461),1
(40.748107, -73.983081),2
(40.733705, -73.869348),2
(40.65811, -73.940913),3
(40.752467, -73.981145),1
(40.727919, -73.992647),1
(40.754133, -73.985086),3
(40.720251, -73.839565),2
(40.719712, -73.96483),1
(40.757898, -73.980165),1
(40.711051, -73.983584),1
(40.615455, -74.02334),1
(40.739823, -74.00568),1
(40.713778, -74.011171),1
(40.749981, -73.980002),1
(40.639507, -73.998706),2
(40.597436, -74.142228),2
(40.764481, -73.97112),3
(40.744514, -74.005518),1
(40.760994, -73.975865),2
(40.813699, -73.961536),1
(40.785432, -73.957191),2
(40.751855, -73.98796),1
(40.750499, -73.98242),1
(40.604367, -73.940244),1
(40.717396, -73.997702),2
(40.738412, -73.992494),2
(40.645455, -73.902165),1
(40.783531, -73.978802),2
(40.740401, -73.997041),1
(40.738818, -73.992047),2
(40.658192, -73.809324),1
(40.758818, -73.974494),2
(40.736809, -73.876743),1
(40.752865, -73.984754),2
(40.755466, -73.980217),2
(40.762311, -73.973894),2
(40.747684, -73.991172),1
(40.753126, -73.988454),2
(40.74531, -73.995485),3
(40.756571, -73.987067),1
(40.742745, -73.985587),4
(40.796289, -73.935564),1
(40.728064, -73.988869),1
(40.716984, -73.818672),1
(40.767784, -73.988639),2
(40.728141, -73.987378),1
(40.774324, -73.990291),1
(40.722114, -74.00452),1
(40.693903, -73.991929),2
(40.756508, -73.985385),1
(40.783668, -73.958138),1
(40.782788, -73.980187),1
(40.76252, -73.966345),1
(40.779105, -73.956224),1
(40.762681, -73.972569),1
(40.67981, -73.981847),1
(40.76941, -73.968335),1
(40.687309, -73.978261),1
(40.770402, -73.990491),4
(40.740811, -74.007863),1
(40.683261, -73.97333),1
(40.739905, -73.992772),1
(40.768149, -73.950097),1
(40.669184, -73.908976),1
(40.814627, -73.940991),1
(40.842213, -73.944649),1
(40.722001, -73.996959),2
(40.777967, -73.95083),2
(40.63148, -73.945843),1
(40.771599, -73.989396),1
(40.718645, -73.997926),1
(40.762943, -73.981276),2
(40.712776, -74.009036),1
(40.77588, -73.947885),1
(40.783035, -73.981559),1
(40.760673, -73.825645),1
(40.680938, -73.775663),1
(40.765475, -73.992704),1
(40.819258, -73.949213),1
(40.765021, -73.967637),1
(40.786638, -73.977203),1
(40.757501, -73.971275),1
(40.703427, -74.01078),1
(40.584516, -74.085498),3
(40.770309, -73.963461),1
(40.751601, -73.977514),1
(40.620405, -74.028579),1
(40.690735, -73.991548),1
(40.734764, -74.009732),1
(40.749197, -73.987538),5
(40.764333, -73.984167),1
(40.582813, -74.160904),1
(40.697002, -73.989441),3
(40.726184, -73.993813),2
(40.739754, -74.007351),1
(40.738133, -73.978085),1
(40.717322, -73.999931),2
(40.694616, -73.985651),1
(40.883963, -73.827225),1
(40.714006, -73.827997),2
(40.737701, -73.988763),1
(40.760512, -73.969079),1
(40.700934, -73.816292),1
(40.741504, -73.945953),1
(40.6679, -73.957107),1
(40.813208, -73.927163),1
(40.775702, -73.989486),1
(40.690868, -73.964936),1
(40.759081, -73.965878),2
(40.747656, -73.733498),1
(40.749304, -73.976303),1
(40.703808, -74.012757),1
(40.706466, -73.73635),1
(40.678294, -73.998176),1
(40.691051, -73.987859),1
(40.75967, -73.830771),1
(40.760408, -73.977403),1
(40.789133, -73.948238),1
(40.768391, -73.958061),1
(40.747417, -73.989527),1
(40.656797, -73.946391),1
(40.755942, -73.982108),1
(40.755596, -73.707496),1
(40.759091, -73.974054),1
(40.722324, -73.842248),2
(40.704525, -73.798512),1
(40.754032, -73.985386),1
(40.859323, -73.882684),1
(40.759387, -73.990294),1
(40.622777, -74.02777),1
(40.760404, -73.96639),1
(40.771603, -73.959651),1
(40.759207, -73.82995),1
(40.840161, -73.870595),1
(40.707139, -73.791644),1
(40.741961, -73.991967),1
(40.764461, -73.959312),1
(40.754976, -73.926981),1
(40.800541, -73.959211),1
(40.640551, -74.076237),1
(40.756594, -73.978043),2
(40.747149, -73.851533),1
(40.723626, -74.008438),1
(40.755248, -73.98174),1
(40.763609, -73.972435),9
(40.751188, -73.970863),1
(40.774012, -73.978139),1
(40.781474, -73.953698),1
(40.719526, -73.994957),1
(40.762209, -73.996582),4
(40.751281, -73.98482),2
(40.750839, -73.969199),1
(40.766256, -73.98026),1
(40.75549, -73.994055),2
(40.814124, -73.939767),5
(40.75959, -73.972873),1
(40.74175, -73.991256),3
(40.716398, -73.960954),2
(40.753011, -73.992435),4
(40.850853, -73.845281),1
(40.742762, -73.991371),1
(40.74548, -74.00712),1
(40.759451, -73.974119),2
(40.895023, -73.909288),1
(40.748329, -73.982897),1
(40.748585, -73.976483),1
(40.577819, -73.959102),1
(40.746389, -73.97896),1
(40.714955, -74.007258),1
(40.7531, -73.967642),2
(40.584295, -73.825038),1
(40.705277, -74.011047),1
(40.788516, -73.952216),1
(40.762444, -73.979713),2
(40.730068, -73.990168),1
(40.775323, -73.963263),1
(40.757982, -73.968763),2
(40.801584, -73.947432),1
(40.693222, -73.986719),7
(40.76125, -73.974854),1
(40.749444, -73.977851),1
(40.754434, -73.979697),1
(40.708936, -74.01147),1
(40.598656, -73.753488),1
(40.76228, -73.98577),1
(40.709284, -74.012336),1
(40.704311, -74.011852),5
(40.63352, -73.947957),1
(40.695392, -73.96877),2
(40.599256, -73.966619),1
(40.678847, -73.925565),1
(40.765768, -73.81994),1
(40.765274, -73.931316),1
(40.757866, -73.970752),2
(40.761254, -73.974815),2
(40.756258, -73.992052),1
(40.77334, -73.946439),1
(40.705069, -74.009233),1
(40.712049, -74.009526),1
(40.719247, -73.837843),1
(40.780005, -73.947499),2
(40.707121, -74.01183),4
(40.773422, -73.952306),2
(40.738983, -73.80534),1
(40.721722, -74.003784),1
(40.719483, -74.00232),1
(40.863271, -73.901125),1
(40.755164, -73.976001),5
(40.832955, -73.90241),1
(40.770899, -73.98974),3
(40.751215, -73.970105),1
(40.763758, -73.965385),2
(40.69179, -73.920177),1
(40.722495, -73.844888),2
(40.762088, -73.995928),1
(40.757543, -73.989005),1
(40.718318, -74.009206),1
(40.728674, -73.99567),1
(40.761099, -73.970653),1
(40.751721, -73.986021),1
(40.690557, -73.956682),1
(40.685952, -73.999859),1
(40.740265, -73.991794),1
(40.702705, -73.990919),1
(40.750898, -73.933576),1
(40.733247, -73.996309),2
(40.75777, -73.987626),1
(40.742023, -73.981577),1
(40.673208, -73.960384),2
(40.69039, -73.994057),1
(40.7745, -73.95462),1
(40.763395, -73.995563),6
(40.700138, -73.816091),1
(40.699488, -73.942766),1
(40.748349, -73.977866),1
(40.748705, -73.991663),1
(40.759639, -73.987012),2
(40.708346, -74.007199),1
(40.754111, -73.980888),1
(40.712211, -74.001796),2
(40.759672, -73.984659),1
(40.811663, -73.963131),1
(40.745812, -73.99913),1
(40.720711, -73.991179),1
(40.744943, -73.976997),1
(40.772146, -73.950715),1
(40.731098, -73.981117),1
(40.738452, -73.982271),1
(40.738297, -74.009324),1
(40.777257, -73.952982),1
(40.717714, -74.002814),1
(40.809362, -73.949684),1
(40.84349, -73.91101),1
(40.711209, -74.010219),3
(40.75678, -73.714215),1
(40.756578, -73.977126),3
(40.76043, -73.973277),1
(40.716095, -74.000783),2
(40.774352, -73.956393),1
(40.75629, -73.980231),1
(40.72639, -74.008731),1
(40.770972, -73.980187),1
(40.754303, -73.981791),1
(40.850548, -73.846559),5
(40.771351, -73.982681),1
(40.756137, -73.758134),1
(40.63245, -73.974143),1
(40.755971, -73.979484),1
(40.707084, -74.005601),2
(40.710399, -74.008971),2
(40.748721, -73.942825),1
(40.649532, -73.967289),1
(40.740591, -74.006052),1
(40.770643, -73.985233),1
(40.737955, -73.817859),1
(40.755716, -73.981577),1
(40.766727, -73.988285),2
(40.736076, -73.986674),1
(40.763301, -73.985831),1
(40.71262, -73.94375),1
(40.776876, -73.980997),1
(40.69096, -73.98488),2
(40.706718, -74.007221),2
(40.756778, -73.977505),1
(40.743001, -73.992339),2
(40.798798, -73.952826),1
(40.769302, -73.966151),1
(40.761402, -73.996589),1
(40.765266, -73.970571),1
(40.741717, -73.998874),1
(40.650667, -73.952149),1
(40.77514, -73.943503),1
(40.784902, -73.955223),1
(40.718068, -74.005801),2
(40.721073, -74.008687),2
(40.772435, -73.981695),1
(40.741338, -73.994352),1
(40.758404, -73.962355),1
(40.746364, -74.006272),1
(40.726887, -73.993398),1
(40.733307, -73.994616),1
(40.760484, -73.958827),1
(40.840204, -73.855464),1
(40.700029, -73.936559),1
(40.626928, -73.965949),1
(40.762251, -73.83005),2
(40.793889, -73.967857),1
(40.759005, -73.971527),1
(40.750488, -73.986888),1
(40.750947, -73.987371),1
(40.743773, -73.950884),1
(40.693165, -73.991998),1
(40.813878, -73.937158),1
(40.740897, -73.980943),2
(40.771453, -73.984983),1
(40.838102, -73.847271),2
(40.704789, -74.01003),1
(40.76051, -73.986998),1
(40.762208, -73.968728),2
(40.746644, -73.993378),2
(40.746048, -73.999672),1
(40.789205, -73.969701),1
(40.714266, -74.006955),1
(40.749612, -73.982575),1
(40.615428, -74.023111),2
(40.752483, -73.96992),1
(40.686764, -73.976199),1
(40.721496, -74.001014),1
(40.750254, -73.989375),1
(40.722074, -73.867675),1
(40.740351, -73.990459),1
(40.698022, -73.975131),1
(40.767994, -73.96148),2
(40.656687, -73.943924),1
(40.868045, -73.902221),1
(40.75074, -73.981247),5
(40.75008, -73.975876),5
(40.71383, -73.99851),1
(40.764762, -73.986874),1
(40.767158, -73.990863),10
(40.665357, -73.808413),1
(40.712648, -73.877844),1
(40.788681, -73.97011),1
(40.762373, -73.962118),1
(40.740398, -74.007533),1
(40.810982, -73.950228),1
(40.600886, -73.992088),1
(40.752597, -73.995506),2
(40.740514, -73.985634),1
(40.704265, -74.006997),2
(40.757942, -73.978209),2
(40.778747, -73.959289),1
(40.76612, -73.962849),1
(40.731209, -73.86358),1
(40.589173, -74.202249),2
(40.795973, -73.955184),1
(40.744524, -73.985803),1
(40.73582, -73.985981),1
(40.757952, -74.002296),5
(40.751817, -73.991735),1
(40.809942, -73.96293),2
(40.728107, -73.822859),1
(40.771229, -73.950929),1
(40.680103, -73.883482),1
(40.801308, -73.949429),1
(40.803364, -73.907628),2
(40.716572, -74.010523),1
(40.750737, -73.977024),1
(40.758296, -73.981187),3
(40.757221, -73.986713),8
(40.709473, -73.802998),1
(40.794958, -73.796627),1
(40.76685, -73.954477),1
(40.74744, -73.975426),2
(40.718603, -73.999744),3
(40.687539, -73.979501),1
(40.543854, -74.232302),1
(40.856351, -73.846592),5
(40.789326, -73.875037),2
(40.682596, -73.968232),3
(40.795886, -73.936634),1
(40.890156, -73.901042),2
(40.650481, -74.007997),1
(40.791151, -73.953012),1
(40.839235, -73.879885),1
(40.71451, -74.012236),5
(40.743487, -74.006388),1
(40.769943, -73.983711),1
(40.771153, -73.953164),1
(40.763477, -73.964735),1
(40.757451, -73.834054),3
(40.709161, -74.013714),1
(40.744384, -73.984107),1
(40.777344, -73.943526),1
(40.715195, -74.009134),1
(40.625096, -73.959952),1
(40.770488, -73.96702),1
(40.755793, -73.979614),2
(40.730598, -73.991514),2
(40.766965, -73.986928),3
(40.717045, -74.000321),4
(40.726912, -73.995086),1
(40.758709, -73.988308),1
(40.804866, -73.935538),1
(40.715051, -74.007449),1
(40.743718, -73.991772),1
(40.762321, -73.971277),2
(40.810193, -73.958277),1
(40.721417, -73.998276),1
(40.742617, -73.994775),1
(40.811491, -73.925109),1
(40.767711, -73.960519),1
(40.710073, -73.957156),1
(40.861674, -73.905888),1
(40.854639, -73.927096),2
(40.751063, -73.973866),3
(40.756057, -73.983866),1
(40.740544, -73.988091),1
(40.874156, -73.831948),2
(40.746792, -73.991728),1
(40.757249, -73.973152),2
(40.741574, -74.007596),1
(40.595939, -73.997854),1
(40.678707, -73.863482),1
(40.780003, -73.783065),1
(40.797879, -73.960773),1
(40.75534, -73.977968),1
(40.74293, -73.994363),1
(40.765427, -73.976896),1
(40.70671, -74.008916),1
(40.765233, -73.984401),1
(40.708148, -74.012058),1
(40.718683, -73.993929),1
(40.773304, -73.979522),1
(40.734731, -73.994061),2
(40.707105, -74.012837),1
(40.761345, -73.894003),1
(40.760442, -73.964888),1
(40.76548, -73.961174),2
(40.746636, -73.979209),2
(40.605841, -74.178826),1
(40.763943, -73.948176),1
(40.744947, -74.00576),1
(40.822708, -73.942736),3
(40.750812, -73.983336),2
(40.805579, -73.966656),1
(40.710616, -74.006915),1
(40.587487, -73.953634),1
(40.820099, -73.940641),1
(40.76005, -73.977717),1
(40.824241, -73.940303),2
(40.804066, -73.934599),1
(40.704501, -73.808416),3
(40.745871, -73.981493),3
(40.760073, -73.970552),1
(40.743958, -73.935146),1
(40.757851, -73.97618),1
(40.721326, -73.999762),1
(40.748814, -73.984687),4
(40.839241, -73.940373),2
(40.742114, -73.984338),1
(40.778485, -73.961799),1
(40.769533, -73.965515),1
(40.66835, -73.990801),1
(40.700432, -73.911739),1
(40.824237, -73.954496),1
(40.754639, -73.963112),3
(40.704226, -74.008198),1
(40.784112, -73.956133),2
(40.738261, -73.993595),1
(40.781612, -73.949711),1
(40.742605, -73.983255),1
(40.647276, -73.958476),1
(40.762027, -73.971013),1
(40.796094, -73.968517),1
(40.766904, -73.980865),2
(40.779501, -73.956252),1
(40.713573, -73.778216),1
(40.790886, -73.937682),2
(40.725601, -73.791694),12
(40.763122, -73.971222),3
(40.752991, -73.985054),2
(40.750395, -73.986585),1
(40.664517, -73.947763),1
(40.757464, -73.977162),1
(40.749149, -73.989263),1
(40.713952, -73.779982),1
(40.765633, -73.969088),1
(40.750845, -73.969986),1
(40.706614, -74.011462),2
(40.716973, -73.998961),1
(40.623103, -74.040321),1
(40.764953, -73.960092),3
(40.761061, -73.987528),1
(40.781617, -73.959894),1
(40.776265, -73.989056),1
(40.818351, -73.957856),1
(40.766067, -73.960813),1
(40.615315, -74.022933),1
(40.786883, -73.968572),2
(40.839609, -73.858633),1
(40.766619, -73.954318),1
(40.726739, -73.995995),1
(40.71251, -73.957357),1
(40.727483, -74.005138),2
(40.693511, -74.000184),1
(40.75128, -73.943682),2
(40.752723, -73.993644),2
(40.782944, -73.95261),1
(40.864805, -73.822878),1
(40.772899, -73.794882),1
(40.752492, -73.983863),1
(40.775366, -73.962577),1
(40.76316, -73.967869),2
(40.880828, -73.879947),7
(40.760634, -73.975223),2
(40.764089, -73.928928),1
(40.772643, -73.979901),1
(40.729852, -73.992749),2
(40.762812, -73.968648),1
(40.763135, -73.967045),1
(40.749567, -73.974624),3
(40.724466, -74.010654),1
(40.781351, -73.948841),1
(40.712249, -73.78977),1
(40.758899, -73.973216),3
(40.741871, -73.956067),1
(40.746785, -73.941036),1
(40.752458, -73.989544),1
(40.720767, -73.958733),1
(40.749935, -74.004941),1
(40.753392, -73.987566),2
(40.761099, -73.983644),1
(40.707086, -74.007802),2
(40.851817, -73.917141),1
(40.821543, -73.930044),1
(40.739076, -74.004128),2
(40.718265, -74.010169),2
(40.749935, -73.884821),1
(40.765088, -73.97168),6
(40.775557, -73.896742),1
(40.761563, -73.984965),1
(40.766653, -73.992078),2
(40.703304, -74.012681),1
(40.819377, -73.913019),1
(40.816358, -73.93966),1
(40.78426, -73.948251),1
(40.762047, -73.975251),1
(40.726022, -73.991475),1
(40.752335, -73.952231),2
(40.764897, -73.977878),1
(40.848073, -73.838964),6
(40.753704, -73.986595),4
(40.727263, -73.99067),1
(40.620631, -74.006675),1
(40.766853, -73.937697),1
(40.764582, -73.833895),1
(40.774079, -73.965484),1
(40.663991, -73.860488),1
(40.660219, -73.908335),1
(40.74557, -74.007698),4
(40.728506, -73.990262),1
(40.771085, -73.948196),1
(40.742098, -73.98559),1
(40.707298, -74.003095),1
(40.777265, -73.977372),1
(40.745721, -73.971637),1
(40.594006, -73.786653),2
(40.749358, -73.972199),1
(40.778234, -73.946013),1
(40.765806, -73.978098),1
(40.759715, -73.977479),1
(40.752936, -73.980741),1
(40.761135, -73.984644),5
(40.620112, -74.109833),1
(40.739178, -73.988499),1
(40.7729, -73.964297),1
(40.724532, -73.995396),1
(40.643335, -73.978174),1
(40.752157, -73.983069),4
(40.831612, -73.911597),1
(40.713432, -74.007409),3
(40.764046, -73.97785),3
(40.739335, -73.977472),5
(40.784749, -73.957585),1
(40.74977, -73.97318),1
(40.751619, -73.983722),2
(40.762326, -73.826912),1
(40.72787, -73.993571),2
(40.759484, -73.964604),3
(40.777075, -73.976849),1
(40.816416, -73.951155),1
(40.676793, -73.76827),2
(40.720989, -74.001385),1
(40.73819, -73.991549),1
(40.782738, -73.980068),1
(40.733477, -73.864192),2
(40.748943, -73.98648),1
(40.756176, -73.996358),2
(40.718861, -74.009112),1
(40.721217, -74.002323),1
(40.765259, -73.978676),1
(40.738283, -73.998286),1
(40.741244, -73.9824),1
(40.740943, -73.99113),1
(40.715941, -73.996751),1
(40.724474, -74.008244),2
(40.715593, -73.996476),1
(40.688956, -73.984967),1
(40.758703, -73.969094),2
(40.713594, -74.004242),2
(40.774449, -73.982616),1
(40.759654, -73.996639),1
(40.734652, -73.991571),3
(40.750741, -73.991194),2
(40.755745, -73.973492),2
(40.706784, -74.009385),1
(40.749805, -73.983152),1
(40.750466, -73.980597),4
(40.761537, -73.950344),1
(40.741766, -73.996846),1
(40.813456, -73.927972),1
(40.809593, -73.960887),1
(40.734861, -73.997579),1
(40.770328, -73.954789),1
(40.650237, -73.958297),1
(40.713759, -74.008196),1
(40.704366, -74.010636),1
(40.758199, -73.980638),1
(40.636686, -73.927921),1
(40.745503, -73.988442),1
(40.755563, -73.984714),6
(40.76441, -73.963085),1
(40.762105, -73.973042),3
(40.691484, -73.98466),2
(40.761179, -73.972681),1
(40.847973, -73.846226),1
(40.763244, -73.976142),1
(40.745489, -73.976831),1
(40.752212, -73.986895),1
(40.728408, -73.993809),1
(40.744492, -73.850733),1
(40.723335, -73.997861),1
(40.668936, -73.941967),1
(40.802239, -73.951657),1
(40.708272, -74.00602),2
(40.716771, -73.999076),1
(40.714532, -74.016907),1
(40.748002, -73.972838),1
(40.757534, -73.969943),4
(40.689387, -73.980712),1
(40.773466, -73.958263),1
(40.818157, -73.92805),1
(40.751635, -73.931042),1
(40.677247, -73.820103),1
(40.74998, -73.98294),2
(40.741426, -73.999654),1
(40.850522, -73.845564),4
(40.777556, -73.951617),1
(40.737635, -73.884655),1
(40.744743, -73.998076),1
(40.759071, -73.96935),1
(40.909172, -73.90305),1
(40.677368, -73.973073),1
(40.68953, -73.986467),1
(40.772943, -73.960762),1
(40.742318, -74.007705),1
(40.73642, -73.995735),1
(40.740992, -73.997149),1
(40.770432, -73.963753),1
(40.769834, -73.964288),1
(40.703881, -73.919359),1
(40.764251, -73.966486),1
(40.671481, -73.904398),2
(40.731989, -74.007494),2
(40.737693, -73.987681),1
(40.761987, -73.980903),1
(40.703843, -73.796148),1
(40.707293, -73.835462),1
(40.692788, -73.987902),1
(40.851461, -73.914954),1
(40.741269, -73.992335),2
(40.741869, -74.004713),15
(40.751892, -73.837769),1
(40.740067, -73.849022),1
(40.755012, -73.971785),1
(40.759115, -73.977603),1
(40.760538, -73.975342),1
(40.757819, -73.984519),1
(40.781011, -73.78082),1
(40.662897, -73.776099),1
(40.863862, -73.923073),1
(40.714309, -73.998756),1
(40.761495, -73.971328),2
(40.728575, -74.009983),7
(40.750434, -73.972541),2
(40.767516, -73.983675),1
(40.73595, -73.823797),1
(40.727817, -73.990771),1
(40.757899, -73.982519),1
(40.840708, -73.848443),1
(40.732613, -73.8669),1
(40.688714, -73.979046),1
(40.763598, -73.962768),2
(40.776547, -73.985976),1
(40.773577, -73.948244),1
(40.771572, -73.94991),1
(40.689733, -73.986838),2
(40.73718, -74.006759),1
(40.736668, -73.996171),1
(40.707731, -74.011326),1
(40.717081, -73.80416),1
(40.702185, -73.802782),1
(40.771831, -73.979926),1
(40.745442, -74.001483),1
(40.752696, -73.975861),2
(40.705898, -74.004956),1
(40.753866, -73.980159),1
(40.708312, -74.018117),2
(40.645469, -73.955785),1
(40.765497, -73.955175),2
(40.734285, -73.816005),1
(40.65023, -73.881472),1
(40.804644, -73.95241),1
(40.810816, -73.963727),1
(40.737946, -73.847414),1
(40.762894, -73.970356),4
(40.739977, -73.998235),2
(40.736446, -73.985649),1
(40.706524, -74.01059),1
(40.699598, -73.987529),1
(40.691275, -73.961138),1
(40.733319, -73.804422),1
(40.739768, -73.987028),1
(40.70691, -74.007491),2
(40.745546, -73.994161),3
(40.747893, -74.003562),2
(40.877233, -73.835436),1
(40.825871, -73.890482),1
(40.751169, -73.988136),1
(40.691655, -73.990516),1
(40.759848, -73.987442),1
(40.760562, -73.973923),1
(40.769025, -73.935103),1
(40.66451, -73.929459),1
(40.760759, -73.960228),2
(40.722346, -73.983646),1
(40.748702, -73.987827),2
(40.755624, -73.992463),1
(40.749051, -73.869051),1
(40.763063, -73.977662),3
(40.781868, -73.948837),2
(40.877421, -73.906315),1
(40.758509, -73.99129),1
(40.699584, -73.987219),1
(40.713981, -73.988352),1
(40.77073, -73.983133),1
(40.754461, -73.988515),1
(40.746716, -73.882892),1
(40.666911, -73.956805),1
(40.754292, -73.979372),2
(40.745412, -73.980119),1
(40.763951, -73.971695),3
(40.7056, -74.015927),2
(40.797563, -73.932551),1
(40.766964, -73.980015),1
(40.763905, -73.963872),2
(40.783423, -73.905458),1
(40.754862, -73.965891),1
(40.672287, -73.970955),2
(40.7056, -74.015837),4
(40.71002, -74.009371),1
(40.730049, -73.953943),1
(40.677989, -73.989703),1
(40.661087, -73.874525),1
(40.742355, -73.984208),1
(40.747181, -73.825165),7
(40.760662, -73.831855),1
(40.716141, -73.996573),1
(40.747028, -73.995362),1
(40.756242, -73.998506),4
(40.80548, -73.965251),1
(40.747818, -73.986509),1
(40.769975, -73.967826),1
(40.794993, -73.965639),1
(40.770676, -73.98623),2
(40.723032, -73.992047),1
(40.765132, -74.000661),2
(40.598552, -73.958956),1
(40.853378, -73.890375),1
(40.581164, -73.973101),1
(40.74428, -73.937924),1
(40.720659, -74.004387),1
(40.707097, -74.008472),1
(40.766918, -73.95926),1
(40.759724, -73.970888),1
(40.774556, -73.959476),1
(40.767085, -73.983036),1
(40.737592, -73.998932),1
(40.741108, -73.995623),1
(40.753404, -73.973381),1
(40.57243, -73.994259),1
(40.73474, -74.004957),1
(40.745716, -73.94862),1
(40.640659, -74.077196),3
(40.864081, -73.900495),1
(40.700465, -73.988221),1
(40.693609, -73.990862),4
(40.738747, -73.975343),1
(40.757161, -73.984241),1
(40.732961, -73.99317),1
(40.766676, -73.97974),1
(40.740753, -73.994901),1
(40.717165, -74.002478),1
(40.79461, -73.973141),1
(40.606792, -74.02553),4
(40.746511, -73.981075),6
(40.816685, -73.917986),1
(40.755469, -73.976726),6
(40.731966, -73.991802),2
(40.742383, -73.986269),3
(40.780582, -73.981913),1
(40.807424, -73.96585),1
(40.771796, -73.989916),1
(40.752744, -73.980734),1
(40.76254, -73.969605),2
(40.75768, -73.974217),1
(40.769894, -73.989599),3
(40.751303, -73.982022),1
(40.718395, -74.00097),1
(40.707805, -74.002463),1
(40.733999, -73.993574),1
(40.706463, -74.007715),1
(40.691476, -73.98981),1
(40.75767, -73.979895),1
(40.769121, -73.958486),2
(40.813206, -73.945218),1
(40.744313, -73.971696),3
(40.694801, -73.992387),1
(40.676014, -73.899582),1
(40.747149, -73.997968),3
(40.765315, -73.98299),3
(40.782335, -73.947194),3
(40.764241, -73.979745),4
(40.775065, -73.988425),2
(40.705774, -74.007246),1
(40.79087, -73.975201),1
(40.754426, -73.827882),2
(40.75016, -73.976483),1
(40.735569, -74.001959),1
(40.751637, -73.975374),1
(40.746652, -74.010105),1
(40.855496, -73.93735),1
(40.789577, -73.972948),1
(40.831429, -73.903178),1
(40.765359, -73.823132),1
(40.755929, -73.989717),2
(40.764624, -73.984885),2
(40.753477, -73.980058),1
(40.759977, -73.985507),1
(40.747129, -73.990281),1
(40.722566, -73.842467),1
(40.630759, -73.954584),1
(40.751767, -73.969928),1
(40.669336, -73.875263),1
(40.722629, -74.010794),1
(40.729737, -73.996183),1
(40.742807, -73.977687),2
(40.751931, -73.968711),1
(40.774388, -73.965227),1
(40.631757, -74.099327),1
(40.721801, -73.949118),1
(40.709486, -74.009984),1
(40.751947, -73.939068),1
(40.713083, -73.875834),1
(40.749317, -73.975924),2
(40.73906, -74.008837),2
(40.765707, -73.958297),2
(40.732077, -73.994999),2
(40.755046, -73.993196),2
(40.741045, -73.998748),2
(40.762389, -73.981482),2
(40.740528, -73.997838),1
(40.763279, -73.970099),2
(40.782013, -73.950672),1
(40.733678, -73.99733),1
(40.720069, -73.99127),1
(40.73103, -74.003099),1
(40.814702, -73.943007),1
(40.78379, -73.775653),1
(40.733516, -74.000898),1
(40.698158, -73.992412),1
(40.718414, -74.003243),1
(40.758597, -73.989575),1
(40.755702, -73.979787),1
(40.909122, -73.908864),1
(40.710215, -74.008076),1
(40.760843, -73.976255),1
(40.760577, -73.966906),1
(40.736012, -74.006224),1
(40.765838, -73.955987),1
(40.722051, -73.958039),1
(40.755752, -73.992893),1
(40.720503, -74.011043),1
(40.756681, -73.969763),1
(40.723713, -73.99794),1
(40.748976, -73.983192),1
(40.721244, -74.000924),1
(40.735039, -73.992065),1
(40.771854, -73.94882),1
(40.790768, -73.973034),1
(40.861042, -73.891505),1
(40.617972, -73.943535),1
(40.791631, -73.97169),1
(40.768482, -73.96614),1
(40.759519, -73.992246),1
(40.754424, -73.985775),2
(40.717879, -73.992252),1
(40.756624, -73.975546),2
(40.734109, -74.002234),1
(40.760763, -73.829573),1
(40.704176, -74.010275),1
(40.882409, -73.893929),1
(40.742414, -73.974984),1
(40.773041, -73.979652),1
(40.70741, -74.004736),1
(40.746007, -73.943177),2
(40.759065, -73.983706),1
(40.740908, -73.903692),1
(40.748466, -73.94333),1
(40.750758, -73.975482),2
(40.760661, -73.996921),1
(40.707814, -74.00739),3
(40.74417, -73.937),2
(40.756696, -73.967601),2
(40.786462, -73.949278),1
(40.702777, -74.010722),1
(40.75724, -73.982862),3
(40.673541, -73.968424),1
(40.764419, -73.993693),1
(40.709082, -74.0134),1
(40.720495, -74.001555),2
(40.841268, -73.943461),6
(40.752846, -73.984141),1
(40.764098, -73.964258),1
(40.707006, -74.008721),1
(40.667603, -73.795757),2
(40.726966, -74.006303),2
(40.732195, -73.99978),1
(40.757773, -73.826874),1
(40.702153, -74.012021),2
(40.705368, -74.010359),1
(40.769696, -73.986888),1
(40.707536, -74.007362),1
(40.752321, -73.971375),2
(40.767734, -73.974483),1
(40.69969, -73.923421),1
(40.739922, -73.974328),4
(40.758901, -73.969758),1
(40.876761, -73.917731),1
(40.711231, -74.007798),2
(40.691034, -73.968971),1
(40.754429, -73.978564),1
(40.752432, -74.002436),1
(40.7611, -73.827648),1
(40.752305, -73.980748),3
(40.706542, -74.013266),1
(40.70349, -73.808004),1
(40.724395, -73.991803),1
(40.724588, -74.000541),1
(40.785517, -73.970609),1
(40.754001, -73.97943),1
(40.717113, -74.00746),1
(40.622324, -73.955372),1
(40.736317, -73.987414),2
(40.760881, -73.966299),2
(40.706724, -74.008169),1
(40.716574, -74.016136),1
(40.719489, -73.927986),1
(40.710907, -74.001125),1
(40.703151, -73.942842),1
(40.744818, -73.99476),1
(40.777565, -73.988273),1
(40.760107, -73.829394),2
(40.708588, -73.948169),1
(40.749352, -73.948541),1
(40.72843, -74.000209),1
(40.787821, -73.81377),1
(40.803122, -73.934998),1
(40.727134, -74.007688),1
(40.829349, -73.948305),1
(40.730861, -73.986942),1
(40.714453, -73.801894),1
(40.751539, -73.981218),4
(40.852031, -73.921695),2
(40.775405, -73.984579),1
(40.687028, -73.978896),1
(40.745417, -73.993464),1
(40.770769, -73.95438),2
(40.692413, -73.991807),3
(40.758855, -73.989023),2
(40.709521, -74.005796),2
(40.75787, -73.976392),1
(40.760288, -73.995954),1
(40.810146, -73.928069),1
(40.721307, -73.845006),1
(40.75852, -73.974635),2
(40.712716, -73.966129),1
(40.770245, -73.960652),1
(40.745088, -73.97926),1
(40.758655, -73.991651),1
(40.778648, -73.944016),2
(40.743229, -73.874219),1
(40.734687, -73.983654),1
(40.743224, -73.988362),1
(40.834954, -73.820502),1
(40.756624, -73.997087),2
(40.646448, -73.970026),1
(40.881547, -73.876796),1
(40.842126, -73.941295),1
(40.769526, -73.990664),3
(40.734501, -73.999397),1
(40.711913, -73.826618),1
(40.752855, -73.988566),3
(40.715534, -74.008232),1
(40.697611, -73.992171),1
(40.655237, -74.008819),1
(40.855514, -73.847636),1
(40.812516, -73.958698),1
(40.609256, -73.971461),2
(40.741223, -74.001),1
(40.781725, -73.776494),1
(40.781736, -73.976017),1
(40.759918, -73.97575),1
(40.711232, -73.960459),1
(40.790916, -73.972189),1
(40.707902, -73.786508),1
(40.708248, -74.005169),1
(40.716803, -73.998582),1
(40.880338, -73.918989),1
(40.750191, -74.004248),1
(40.739283, -73.917082),1
(40.74156, -73.994872),1
(40.765361, -73.980881),2
(40.722358, -74.008507),1
(40.739763, -73.993905),2
(40.717737, -73.805679),3
(40.739958, -73.990361),1
(40.623587, -74.151352),2
(40.749375, -73.995117),1
(40.728482, -74.007923),1
(40.66778, -73.799719),1
(40.753343, -73.971306),1
(40.849599, -73.92922),1
(40.747058, -73.944064),1
(40.757994, -73.980389),1
(40.735118, -73.992671),1
(40.704684, -74.011238),1
(40.718853, -73.948774),1
(40.842632, -73.844894),1
(40.620118, -73.970502),1
(40.718656, -73.950812),1
(40.739949, -73.987316),1
(40.618671, -74.067078),1
(40.615773, -73.955437),1
(40.60972, -73.919516),1
(40.755103, -73.955654),1
(40.769663, -73.952991),1
(40.773012, -73.954935),1
(40.764811, -73.975409),1
(40.719849, -74.00987),1
(40.708713, -74.01164),1
(40.754772, -73.981274),1
(40.760542, -73.981002),1
(40.702936, -74.012681),1
(40.906262, -73.904885),1
(40.805382, -73.939269),1
(40.74088, -73.996215),1
(40.776729, -73.944014),1
(40.751097, -73.983636),1
(40.780384, -73.947221),1
(40.780182, -73.977945),2
(40.680309, -73.967923),2
(40.849786, -73.935505),1
(40.749969, -73.980947),1
(40.76067, -73.957629),1
(40.744702, -73.984475),2
(40.761124, -73.974909),2
(40.818273, -73.955782),1
(40.712998, -74.013291),1
(40.595692, -73.748799),1
(40.767483, -73.983199),1
(40.844781, -73.943028),2
(40.689741, -73.982288),1
(40.782999, -73.958904),3
(40.760529, -73.986388),1
(40.632526, -73.947864),1
(40.693194, -73.982702),1
(40.772442, -73.950224),1
(40.749693, -73.990558),4
(40.780094, -73.976555),1
(40.761576, -73.967631),5
(40.76731, -73.981177),2
(40.702062, -73.805862),1
(40.741607, -73.990394),1
(40.756234, -73.982212),1
(40.613882, -73.927186),1
(40.716817, -74.001432),1
(40.764836, -73.974936),1
(40.767693, -73.992137),3
(40.753673, -73.995492),1
(40.743467, -73.98537),2
(40.700874, -73.987522),1
(40.7136, -73.831263),2
(40.773498, -73.95618),1
(40.75113, -73.984473),1
(40.754104, -73.988872),2
(40.73335, -73.988215),4
(40.744656, -73.991873),1
(40.771429, -73.956062),1
(40.780142, -73.982213),3
(40.783733, -73.974654),1
(40.735571, -73.994335),1
(40.809691, -73.958562),2
(40.725399, -73.997399),1
(40.715743, -73.866306),1
(40.775062, -73.961858),2
(40.731264, -73.859621),1
(40.749174, -73.97204),1
(40.751905, -73.983459),1
(40.809425, -73.958707),1
(40.639473, -73.967755),1
(40.704371, -73.985039),2
(40.743598, -73.973103),1
(40.741392, -73.919335),1
(40.760885, -73.983911),1
(40.798045, -73.912819),3
(40.729034, -73.851548),1
(40.764136, -73.893244),6
(40.74997, -73.989678),1
(40.712735, -74.010641),1
(40.769712, -73.95202),1
(40.707712, -74.006229),1
(40.768116, -73.957491),2
(40.749135, -73.983658),1
(40.778632, -73.982423),1
(40.840497, -73.939013),1
(40.761165, -73.980533),11
(40.743585, -73.987582),2
(40.849784, -73.841664),1
(40.755344, -73.987861),2
(40.737872, -73.862891),1
(40.706708, -73.793001),1
(40.791126, -73.882641),1
(40.736873, -73.992992),1
(40.656146, -73.908172),1
(40.758601, -73.966643),4
(40.693812, -73.987992),4
(40.762289, -73.812152),1
(40.759949, -73.959864),1
(40.773792, -73.989403),1
(40.776028, -73.944433),1
(40.70043, -73.987399),1
(40.760603, -73.994358),1
(40.752849, -73.990027),2
(40.789381, -73.970467),1
(40.776673, -73.960254),1
(40.674192, -74.017059),3
(40.742636, -73.991086),1
(40.78659, -73.971678),1
(40.723161, -73.999495),1
(40.770514, -73.982638),1
(40.759706, -73.974732),1
(40.721197, -74.009629),1
(40.75051, -73.969196),1
(40.816812, -73.918538),2
(40.814113, -73.917794),2
(40.775262, -73.954164),1
(40.760432, -73.970642),2
(40.735744, -73.874269),1
(40.750986, -74.004927),1
(40.746864, -73.979144),1
(40.848959, -73.846551),1
(40.71002, -74.008668),2
(40.746717, -73.989617),1
(40.747329, -73.98486),1
(40.703413, -73.985837),1
(40.723889, -74.010773),1
(40.769495, -73.959266),1
(40.753267, -73.822062),1
(40.674983, -73.953981),1
(40.753557, -73.971643),1
(40.897961, -73.907088),1
(40.718116, -73.994975),2
(40.759819, -73.97166),1
(40.756093, -73.968879),1
(40.741775, -73.995381),1
(40.764719, -73.981185),3
(40.737921, -73.992783),2
(40.781548, -73.955056),1
(40.777509, -73.979751),1
(40.871143, -73.86569),1
(40.694498, -73.984551),1
(40.849918, -73.934493),1
(40.761259, -73.985001),1
(40.786597, -73.951928),1
(40.743386, -74.007983),2
(40.690764, -73.980845),4
(40.748345, -73.987722),1
(40.608033, -74.122501),1
(40.767557, -73.97025),1
(40.889106, -73.913741),1
(40.710103, -74.003243),4
(40.709216, -74.011257),2
(40.741525, -73.999888),1
(40.743992, -73.986048),1
(40.723969, -73.999762),1
(40.754805, -73.980621),2
(40.749577, -73.984585),1
(40.661354, -73.969684),1
(40.729617, -73.859448),2
(40.778944, -73.956996),1
(40.758785, -73.984222),1
(40.540439, -74.17029),1
(40.862158, -73.889344),1
(40.60063, -73.991123),1
(40.728577, -73.813026),1
(40.721557, -74.010119),1
(40.779231, -73.982376),1
(40.761489, -73.961137),1
(40.759983, -73.979125),2
(40.782323, -73.975652),1
(40.759042, -73.996754),1
(40.705524, -73.801531),1
(40.75759, -73.976105),4
(40.707798, -73.794599),1
(40.760598, -73.982843),1
(40.732925, -73.810095),1
(40.778742, -73.979202),1
(40.655788, -73.79277),1
(40.765124, -73.964391),2
(40.783953, -73.825585),1
(40.744046, -73.985215),1
(40.740566, -73.989838),1
(40.863159, -73.885805),1
(40.709587, -74.008119),2
(40.761229, -73.98651),1
(40.850977, -73.929204),1
(40.740655, -73.993905),1
(40.713388, -73.994008),4
(40.746544, -73.984619),1
(40.712176, -73.940421),1
(40.757011, -73.976552),2
(40.710405, -74.012828),1
(40.725339, -74.000509),1
(40.655755, -73.865756),1
(40.724601, -74.004127),1
(40.738549, -73.985761),1
(40.757679, -73.984302),1
(40.726142, -73.998961),2
(40.753464, -73.99385),1
(40.74829, -73.993121),1
(40.743328, -73.990917),1
(40.751802, -73.972876),2
(40.789758, -73.972601),1
(40.763472, -73.974496),1
(40.757372, -73.966377),1
(40.802916, -73.934679),1
(40.764177, -73.962139),1
(40.740355, -73.75971),1
(40.761026, -73.972912),2
(40.758398, -73.970037),1
(40.754825, -73.982848),1
(40.741705, -73.984865),2
(40.724668, -73.838277),1
(40.761654, -73.985178),1
(40.770716, -73.95942),2
(40.754998, -73.987168),3
(40.765707, -73.977069),1
(40.708391, -73.796282),1
(40.709557, -73.818678),1
(40.779559, -73.944871),1
(40.752402, -73.971772),1
(40.753131, -73.984628),4
(40.741269, -73.987355),1
(40.706232, -74.01244),1
(40.788924, -73.976671),3
(40.751935, -73.98945),1
(40.770583, -73.961847),1
(40.776028, -73.952651),1
(40.76029, -73.973014),1
(40.766249, -73.994928),2
(40.724705, -74.008186),1
(40.817653, -73.915819),1
(40.746135, -73.983365),1
(40.758504, -73.976158),1
(40.746443, -73.996708),1
(40.731906, -73.996193),1
(40.761237, -73.987165),1
(40.771969, -73.948321),1
(40.769046, -73.879322),1
(40.754079, -73.973489),2
(40.778258, -73.956137),2
(40.726823, -74.010239),1
(40.756377, -73.976932),1
(40.802367, -73.961691),1
(40.76163, -73.975403),1
(40.752145, -73.978842),13
(40.739329, -73.995042),1
(40.708631, -74.014659),5
(40.67981, -73.946334),1
(40.750207, -73.979655),1
(40.751758, -73.9683),1
(40.756392, -73.984346),1
(40.71119, -74.006909),2
(40.736626, -73.996885),3
(40.771515, -73.981407),1
(40.663409, -73.778335),1
(40.732414, -73.984542),1
(40.715256, -73.830624),2
(40.764995, -73.975734),1
(40.755614, -73.816874),1
(40.742439, -74.003876),1
(40.755573, -73.967569),1
(40.749147, -73.991172),6
(40.756962, -73.975903),3
(40.732355, -73.99567),1
(40.751151, -73.999787),3
(40.738928, -73.995179),2
(40.775164, -73.956251),1
(40.730917, -73.994808),1
(40.758262, -73.987626),1
(40.76311, -73.983397),1
(40.673126, -73.976798),1
(40.675866, -73.983651),1
(40.687427, -73.981762),1
(40.809055, -73.947523),4
(40.750519, -74.003649),1
(40.799816, -73.967291),2
(40.762155, -73.977453),1
(40.753937, -73.957106),1
(40.752748, -73.9741),1
(40.764278, -73.970532),3
(40.82521, -73.921813),2
(40.781135, -73.980202),4
(40.764277, -73.981719),1
(40.721833, -74.011162),3
(40.860823, -73.886566),1
(40.732896, -73.991914),1
(40.713652, -73.999877),1
(40.723237, -74.000083),1
(40.761559, -73.983485),2
(40.72978, -74.008032),1
(40.764234, -73.878186),1
(40.576565, -73.966227),1
(40.782204, -73.980158),1
(40.681749, -73.972696),2
(40.753262, -73.975453),7
(40.76495, -73.98169),6
(40.753922, -73.971475),2
(40.711747, -74.008852),2
(40.744071, -73.936077),1
(40.770833, -73.981573),2
(40.754382, -73.966765),1
(40.691221, -73.984105),1
(40.739637, -73.787129),1
(40.699919, -73.881618),1
(40.776786, -73.984308),1
(40.770244, -73.966843),1
(40.763753, -73.963461),1
(40.842224, -73.939669),1
(40.814489, -73.921331),1
(40.764308, -73.972543),1
(40.707975, -74.007719),1
(40.752888, -73.972215),4
(40.756032, -73.982324),1
(40.753937, -73.978954),1
(40.763253, -73.965768),1
(40.807591, -73.947618),1
(40.788874, -73.975154),1
(40.709754, -74.008505),1
(40.715328, -73.983616),1
(40.75751, -73.987446),1
(40.776851, -73.948776),3
(40.785564, -73.954893),2
(40.759206, -73.987146),2
(40.630597, -73.97321),1
(40.750554, -73.970484),1
(40.705031, -73.920414),1
(40.809693, -73.948939),2
(40.755156, -73.980144),2
(40.702952, -73.992076),2
(40.788768, -73.978329),1
(40.659338, -73.933076),1
(40.743281, -73.986629),1
(40.682634, -73.99616),1
(40.739482, -73.986327),1
(40.763593, -73.964265),1
(40.743861, -73.984825),1
(40.765505, -73.978326),1
(40.745959, -73.985247),1
(40.750356, -73.982719),4
(40.775905, -73.988237),2
(40.810902, -73.903587),1
(40.732955, -73.987837),1
(40.760077, -73.974447),4
(40.71801, -74.013842),2
(40.767736, -73.970032),2
(40.706241, -74.008505),4
(40.705371, -73.933622),1
(40.747609, -73.724096),2
(40.734418, -74.009714),1
(40.760013, -73.988427),1
(40.717022, -73.99697),1
(40.779235, -73.974425),1
(40.817783, -73.9146),1
(40.779557, -73.828232),3
(40.764175, -73.824193),1
(40.800842, -73.957462),2
(40.721155, -73.988062),1
(40.725762, -73.851219),2
(40.659138, -73.884408),1
(40.758499, -73.919364),1
(40.723769, -74.001071),1
(40.69259, -73.985561),1
(40.736367, -73.993757),1
(40.749857, -73.881017),1
(40.700891, -73.988192),1
(40.689602, -73.924399),1
(40.706836, -74.008404),2
(40.823909, -73.939487),1
(40.727063, -73.909326),3
(40.730875, -74.009807),1
(40.763763, -73.976586),3
(40.590681, -73.939489),1
(40.767357, -73.969018),1
(40.762205, -73.967169),1
(40.705463, -73.799815),1
(40.757338, -73.977671),1
(40.725514, -74.008796),1
(40.695217, -73.986387),1
(40.753473, -73.933075),1
(40.72692, -74.006916),2
(40.719638, -73.84072),1
(40.680379, -73.93772),1
(40.74523, -73.976277),1
(40.731764, -73.992787),1
(40.740773, -73.997709),1
(40.690809, -73.990019),1
(40.713193, -73.997399),1
(40.765406, -73.969322),1
(40.878793, -73.90815),1
(40.745287, -73.985391),1
(40.751578, -73.982672),1
(40.759813, -73.975317),1
(40.756441, -73.981342),2
(40.779225, -73.959581),1
(40.748641, -73.970514),1
(40.729003, -73.972792),2
(40.778238, -73.96121),1
(40.772464, -73.945498),1
(40.750055, -73.971672),2
(40.748708, -73.974505),1
(40.751881, -73.971474),2
(40.706786, -74.013302),1
(40.87114, -73.892662),1
(40.761966, -73.978475),4
(40.714032, -74.015883),3
(40.65969, -73.940217),1
(40.756037, -73.978451),1
(40.734781, -73.864388),3
(40.777982, -73.985409),1
(40.619717, -73.99933),1
(40.694009, -73.984537),1
(40.674545, -73.879626),1
(40.752803, -74.003299),1
(40.693006, -73.991107),2
(40.705214, -74.008602),1
(40.722825, -74.003694),1
(40.761562, -73.987081),4
(40.73938, -73.947405),1
(40.656253, -74.007951),1
(40.708074, -74.01485),1
(40.759444, -73.969069),1
(40.787034, -73.968843),1
(40.768922, -73.957896),1
(40.762765, -73.954639),1
(40.759381, -73.982067),2
(40.608602, -74.12252),1
(40.784762, -73.955667),2
(40.75706, -73.998166),1
(40.731884, -73.984611),1
(40.699576, -73.948601),4
(40.772792, -73.946952),1
(40.753502, -73.988194),2
(40.776692, -73.961413),1
(40.76902, -73.956042),1
(40.761354, -73.982568),2
(40.749245, -73.977374),1
(40.731476, -73.987945),1
(40.73715, -73.877092),1
(40.636262, -73.984118),1
(40.694799, -73.847538),1
(40.76501, -73.979921),1
(40.755406, -73.982177),1
(40.617905, -74.029846),1
(40.760239, -73.959004),3
(40.695498, -73.976819),1
(40.756223, -73.982696),4
(40.734266, -74.005878),2
(40.769258, -73.903362),1
(40.751088, -73.997326),1
(40.764804, -73.97947),1
(40.692538, -73.986535),1
(40.739576, -74.008892),1
(40.715222, -73.998608),1
(40.731248, -74.007519),2
(40.690293, -73.986038),1
(40.775053, -73.958439),1
(40.836873, -73.900741),1
(40.754662, -73.97908),1
(40.767284, -73.920192),1
(40.704644, -74.011826),1
(40.77141, -73.94785),1
(40.688662, -73.979622),1
(40.655724, -74.005269),1
(40.756268, -73.978242),1
(40.730068, -74.007974),1
(40.791966, -73.952206),1
(40.793301, -73.972101),1
(40.754712, -73.971092),4
(40.810672, -73.907532),3
(40.751204, -73.968925),1
(40.751263, -73.992374),3
(40.70853, -74.006428),1
(40.719358, -74.004845),2
(40.749099, -73.984578),1
(40.861947, -73.88534),1
(40.769317, -73.960432),1
(40.823695, -73.910589),2
(40.621651, -74.077559),2
(40.759572, -73.975263),1
(40.73194, -74.002089),1
(40.68986, -73.991652),1
(40.759905, -73.978822),1
(40.719015, -74.008095),3
(40.837304, -73.861502),1
(40.730204, -74.01016),2
(40.71848, -74.003575),1
(40.754487, -73.982177),2
(40.725097, -73.994419),1
(40.685767, -73.990654),1
