11005,27
10454,6556
11433,9150
10065,4563
61072-3427,1
07310,7
11053,1
55433-5549,1
67102-3427,1
462919,1
11372,10807
10456,19227
10035,7512
48090,2
11223,12999
62034,1
10015,1
55426,2
11570,8
11553,4
84123,1
98041,2
11430,683
10977,1
19194,1
75093,1
11358,7323
07801,2
11105,6780
11710,4
78704,2
55164,8
10705,2
10028,6578
11210,12600
07102,2
31902-3060,1
10804,2
10754,1
11415,3664
11040,444
11361,5200
75001,1
12203,1
07111,2
55337,1
85282-7288,3
07306,2
07000,1
11557,6
29419,1
75266-0509,1
84127,1
63179,1
07302,9
76262,1
11516,3
11228,5728
11747,11
80217,2
10033,16027
35266,1
94304,1
02061-536,1
94105,1
92046,1
11742,2
10031,23251
55127,1
19341,1
10004,1598
57117,3
30097,1
11552,3
10604,6
11410,1
11735-9730,1
11217,8932
40742,1
11413,7262
77272-2929,2
10541,1
92193-9013,1
11432,12631
07424,1
07663,1
18210,1
10087,2
77274,1
8501200000,1
10044,269
08260,1
10069,91
07632,3
10027,12963
10471,3158
10036,8607
10301,10094
11233,21364
11590-8901,1
10453,23876
77036,3
08002,6
14052,1
64141-0078,1
60094,1
07032,1
11706,2
94524,5
92123-1356,1
89102,1
11766,1
11530,14
19886-5289,1
11753,3
07101-4133,1
30000,1
10701,3
49022,1
30347,1
11212,17069
07660-0511,1
32896-0061,3
55438-5908,1
85282,2
30360,3
55121,1
11375,12743
11354,7948
11417,7559
55344,6
10249,1
08691,1
07304,2
55164-0437,3
0000000,1
11411,3956
11788,10
10751,1
19886-1002,1
91793-9917,1
11365,5698
10037,4366
32549-4339,1
11716,2
63006-0701,1
10024,10119
94551,1
10026,8137
14209,2
NY,1
N/A,71
10532,14
11374,6181
12550,1
17001,1
10580,1
11211,20864
11360,1926
92018,2
11434,10392
10025,16018
11234,14326
61702,41
60079,1
14207,2
12212-5019,1
17708,1
60604,1
08086,1
53713-2109,1
94551-7661,2
46206-6180,1
11561,4
07042,1
11590-5114,7
11421,7331
92812,2
77063,1
92123,1
55439-3133,1
10029,10402
75039,1
77094,1
20850,11
11803,5
01748,3
617032,1
11590,32
08736,1
10007,3260
11104,5877
60134,1
60656-1490,2
11416,4717
10302,4367
08904,1
07021,1
11412,8272
51591-0831,1
11729,1
14068,1
55344-7710,1
11768,1
19886-5710,1
11363,1693
70004-0605,1
14228-3609,1
07962,1
11359,25
10312,10651
80014,2
07114,9
90084,1
11783,1
11235,15126
10466,14445
77081,12
1007296,1
11132,1
11559,5
19101,1
61702-3097,2
78265-9728,1
64702-3427,1
14260,1
32792,1
21288-001,1
11873,1
19456-1206,1
633014047,1
17108,6
10013,10406
34611,1
111111,1
114210-149,1
76053,1
10308,4758
10708,3
11758,1
11030,2
10116-1702,1
10019,12254
11225,19201
21297-1051,1
93004,1
ANON,1
10162,6
9999-999,1
45249,2
01841,1
XXXXXX,1
11788-8809,1
11010,3
60089-1970,3
60168-1515,1
11576,5
24036-3665,1
50704-2365,1
07927,5
11735-9030,1
11474,1
10032,22803
19154,7
11791,5
19850,5
10550,4
02360-4807,3
10020,341
33622-5197,1
11793,3
33623,3
10573,1
19105,1
84091,2
92108,2
61615,2
19850-5740,1
85062,1
11096-0612,1
34604-0122,3
10048,133
08002-3053,1
07094,2
57049,1
07632-0274,1
11763,5
11727,1
11103,7681
07446-0585,2
100017,1
07660,1
43216,4
11580,17
11356,4577
43215,3
07192-5039,1
11542,1
60197-6403,4
61707-3427,1
11797,21
64437,2
312,2
0000,1
63301,1
30329,1
11101,9451
07208,2
10018,4104
11772,3
07008,1
10605,1
43218-3083,1
11436,4133
18017,7
1075,1
02556-1965,1
0907469,1
50704,2
07481,1
11693,2066
30010,1
77242,2
92193-9019,1
07103,1
11042,1
000,1
14240,3
29603-0497,1
55403,1
10034,11798
00000,45
10467,26316
33329-7879,1
44122,2
10469,12236
19053,2
204022-188,1
11096,6
12590,3
19114,2
20193,1
43232,1
10594,1
11549,1
30095-9506,1
10314,15040
98201,1
10553,1
18773,4
40290,1
11735-0230,2
10005,1379
28272,2
48451-0505,1
07015,1
95110-3722,1
10307,2143
10030,8419
11596,1
01830,3
99999,3
11369,6821
11419,8495
19154-3210,5
07036,1
95112,1
07203,1
11735-3931,2
43236,4
32239,2
11315,1
11797-9010,1
01810,3
93065,1
89434,2
75013,3
10075,2717
07631,4
10017,5711
08701,3
28272-0949,1
75357-0909,1
11370,3960
11802-5721,1
77084,1
10461,9794
11801,6
617023427,1
07047,1
43537,1
10282,181
11590-9001,1
02061,3
10704,2
12551,1
41042,1
23285-5617,1
60178-0128,1
55107,1
10306,11553
10474,5147
33630,1
10163,2
11426,2903
10016,11602
443230,1
07070,1
32256-7412,1
10459,12680
11420,8297
10370,1
11215,15787
11704,2
98124-1000,1
10281,14
19114-0589,1
10006,1385
32256,6
27408,1
11767,3
19720,2
07747,1
10021,8590
10465,6421
78704-0044,1
11371,38
07030,14
21297,1
21230,1
5710-90849,1
68106,4
91729-1800,1
