87,4
273,1
51,4
277,2
465,1
166,4
129,4
69,1
97,3
543,1
234,2
239,1
63,1
403,1
102,2
77,6
361,1
50,6
293,1
267,1
45,8
216,2
38,9
261,2
82,3
364,1
181,1
167,2
576,1
80,6
240,1
73,2
25,15
113,4
237,1
645,1
24,15
818,1
160,1
70,4
121,3
62,5
125,3
351,1
156,3
219,2
143,1
95,4
411,1
390,1
29,10
226,1
528,1
21,13
214,1
98,5
345,1
595,1
287,1
32,15
60,7
90,2
75,6
382,1
221,3
414,3
141,1
151,2
145,3
272,2
680,1
56,9
109,4
254,1
213,2
228,1
655,1
478,1
170,1
354,1
105,2
58,3
188,1
11,24
33,6
204,2
150,1
83,5
110,2
508,1
413,1
71,4
68,2
260,1
106,2
561,1
147,3
14,20
546,1
198,2
123,2
373,1
454,1
342,1
158,3
199,1
284,1
248,2
135,1
42,3
119,2
79,5
276,1
149,2
118,3
281,1
30,14
99,1
184,1
302,1
66,4
67,5
46,5
282,1
311,2
174,3
215,3
172,1
144,1
420,1
153,1
18,22
74,6
1258,1
138,1
104,4
180,1
134,1
36,13
208,1
89,3
422,1
