total number of rows in this file: 282
148,2
31,10
85,4
137,3
251,1
65,10
53,5
133,4
78,3
155,2
108,2
34,8
115,4
101,3
126,4
81,3
28,17
183,1
76,2
27,13
26,13
44,7
159,1
253,1
103,1
329,1
236,1
12,30
336,1
223,1
91,2
222,1
128,5
22,14
330,1
209,1
372,1
122,3
230,1
93,6
190,2
233,1
157,3
224,1
111,1
47,8
177,1
132,4
152,2
704,1
146,1
259,1
None,0
52,6
212,2
182,2
13,23
218,3
16,27
86,3
205,3
168,1
142,4
178,1
328,1
20,25
40,10
164,2
500,1
169,1
283,2
295,2
340,1
250,2
432,1
94,2
57,4
306,2
54,8
120,3
96,2
452,2
48,8
163,5
279,1
19,6
92,4
299,1
117,2
64,7
154,2
41,7
425,1
484,2
347,1
15,21
43,6
262,2
165,1
189,1
207,1
37,5
127,2
61,5
197,3
88,5
107,2
202,2
17,13
231,1
586,1
72,3
538,1
423,1
175,1
1121,1
35,13
485,1
290,1
229,1
713,1
220,1
494,1
114,1
173,1
55,5
445,1
59,6
100,2
241,2
495,1
161,2
39,4
23,12
49,6
176,1
162,1
238,1
84,4
247,2
