total number of rows in this file: 3540
28117,5
11563,228
11722,105
02090,3
37311,3
41105,4
43085,6
85022,4
29210,4
75007,14
17401,3
14204,1
06518,4
08648,8
19132,1
18947,3
77339,1
12529,3
12847,3
30002,1
60070,4
94102,1
11236,2315
11205,1215
10309,1591
11247,24
97267,2
14218,2
10603,103
23113,1
22314,13
07856,9
08619,5
50800,2
94610,4
10272,1
22436,1
91326,3
97239,1
06063,1
07711,3
12542,2
33004,2
06111,1
02018,1
48393,1
80301,1
11106,1677
08861,24
10801,412
23236,2
07004,127
08088,6
23462,2
L3R9T,4
30005,4
07079,16
95834,4
H2L2W,3
32119,2
90094,1
30088,1
33707,1
34711,2
33558,1
34211,1
10110,8
01921,3
66062,5
08739,2
08332,6
05346,5
10993,6
12067,2
80498,2
67744,1
77375,1
11218,3490
10805,170
11795,101
18106,2
92706,2
20723,1
75219,11
21117,2
97477,3
89011,1
22043,9
13655,3
68164,2
11002,3
63021,2
10452,2449
11510,287
12043,4
07712,29
07006,19
12508,40
07720,4
85251,7
14227,3
17403,2
60143,6
29302,2
24598,2
12466,5
46580,2
22508,3
02067,1
0C9,1
19804,3
10523,107
04330,2
94107,4
75638,1
L7N 3,1
75251,3
92879,3
82601,3
14618,8
43054,3
33605,1
33480,15
11965,2
12531,2
53233,3
14701,3
02464,3
02703,1
06855,2
82001,1
13030,3
32501,1
19360,1
43190,2
76092,5
98011,6
10512,86
53716,3
76137,4
76021,6
16510,2
18504,4
01876,1
95670,3
47130,6
07444,4
19085,1
21221,2
33470,6
12498,6
87120,1
70119,1
75154,2
20020,2
60173,5
11428,743
98057,6
71292,4
78130,7
07721,14
11749,25
06790,1
18936,8
32174,5
01757,3
08066,3
98684,2
59047,1
07501,9
77054,2
03060,3
10169,9
12763,1
89703,1
01915,5
32179,4
80026,1
30017,2
91768,1
75087,1
11237,1857
06807,20
10710,275
44087,7
06763,4
21401,4
11718,14
10177,3
80218,1
40203,1
12778,7
43209,2
94070,3
80120,1
20722,3
02494,2
75070,2
11379,1368
11756,300
11021,189
10803,117
93001,3
33634,4
65202,3
07504,9
49464,1
07045,7
20024,3
40229,2
91614,1
90026,1
94062,2
03825,1
40220,1
11798,58
14217,7
60048,3
07204,18
45080,3
07876,4
12211,10
11738,52
29607,4
70131,2
07627,8
14615,1
28106,2
90503,2
23805,1
86402,2
91301,3
60181,3
33463,2
34201,1
66061,1
80224,2
01520,6
76180,2
23223,1
08360,2
85015,3
12472,3
71901,1
34639,1
90029,2
07438,1
00133,1
08075,1
11364,960
32330,3
46240,4
06702,3
07001,12
08003,7
87110,2
70508,1
25414,1
12429,1
75206,4
14210,9
07670,34
07307,85
11109,59
30144,10
18403,3
08820,17
07607,25
93401,7
13820,9
22560,2
10974,7
12158,3
22408,7
92704,1
92707,1
91709,3
07828,2
20009,1
12903,2
11249,555
10703,151
1100,5
07746,48
07002,96
10589,34
12603,46
08722,2
10918,21
46254,6
27410,2
21701,3
48234,5
32780,3
07921,4
37219,2
78257,1
37931,3
07422,2
37072,1
06442,3
91604,1
10012,1210
10502,45
85004,11
11001,471
51111,2
19702,3
14127,10
21031,2
19151,8
05701,1
01720,1
32960,8
22209,4
10725,3
80227,2
44720,3
97062,3
01845,3
32837,1
08558,1
12123,3
30326,1
78705,1
76086,2
33162,1
94104,1
19525,1
11385,4440
10039,846
11238,1791
11978,20
08840,6
30067,14
54449,3
23663,1
26508,1
91016,1
13148,1
78664,2
34601,2
37330,1
33428,4
66441,2
14450,5
5000,2
75038,10
95110,1
07080,12
55305,2
30084,2
27215,2
67501,2
07027,3
33713,3
07843,4
20032,6
08007,2
01938,1
70471,3
18103,6
34476,2
12747,28
07463,12
11427,590
11582,5
07066,31
07086,68
60515,5
03103,5
90623,3
91754,2
18064,11
48334,8
12566,12
44484,1
18706,7
21108,4
03820,4
63117,2
45208,1
28027,1
10530,91
63045,15
48083,6
02062,3
52801,2
80004,1
29615,5
13084,1
02420,2
06850,17
06334,2
30277,1
10104,4
06254,2
60477,1
13839,3
92602,1
20029,1
33181,1
12786,1
69361,1
10010,1453
11367,889
27713,4
50613,7
03861,2
11968,40
29841,4
91706,4
02118,11
14530,3
08080,2
12993,3
07016,163
06811,20
34237,7
12701,35
46074,3
12831,4
33324,3
14020,2
94002,1
60654,5
11049,1
08221,1
92692,2
14428,1
01201,1
07885,1
10038,991
12754,9
20707,3
10954,85
10152,5
12866,10
48507,3
10178,12
01701,1
12122,6
10150,39
80210,3
18951,3
01550,1
12832,3
33069,1
02141,1
32303,1
11717,190
11520,387
75075,5
2100,3
46037,5
07305,56
43604,1
28216,5
33243,3
07417,7
21144,4
40351,1
06853,1
10009,1669
10470,599
90230,8
08902,29
10709,81
11754,70
60605,4
75240,3
35209,7
85021,13
14150,5
33021,3
12518,10
02852,3
08057,6
13204,10
91311,1
32063,3
33130,2
22181,1
11355,2248
10128,1545
75024,9
07067,24
19147,20
07933,6
12413,2
30019,1
07606,9
78734,3
08234,6
95148,1
30126,2
18372,3
23451,1
89450,1
90067,1
77532,1
12775,1
89501,1
93021,10
13021,2
11239,239
10464,196
12409,4
07513,2
12533,91
07054,13
08873,31
30203,3
36619,4
40031,3
07072,17
06040,6
21209,2
33473,4
10926,10
37909,2
43081,3
18058,1
19041,2
80550,2
11566,245
48076,6
1605,1
56010,8
12788,7
53005,4
07452,13
02139,1
28001,4
25705,3
19122,4
07303,6
91403,3
94612,1
15425,1
85635,1
57769,1
78201,1
29601,15
85250,4
11947,1
06401,3
22424,5
32803,6
69005,1
08889,7
JMCJ1,1
97201,2
08880,6
92253,2
63935,1
74033,1
03053,1
23704,1
11501,326
08083,4
92010,4
06610,10
27709,9
31206,6
10514,33
07456,12
98685,1
01032,2
R3G1P,2
17268,2
89109,18
11213,1729
07031,25
32202,3
80109,2
90014,1
19136,7
18444,4
18954,4
66202,3
20815,1
44113,1
19070,1
08052,6
19022,1
93063,3
95826,1
94014,1
27526,1
10562,110
13208,2
92120,3
63146,6
90012,1
07936,11
30117,1
07078,4
27622,1
28501,1
10802,3
80220,2
90280,2
07457,4
91364,1
43832,1
11050,181
11518,86
11554,308
11787,134
92009,6
10960,32
12523,8
32309,4
06606,24
03885,2
02019,1
44212,3
06109,5
10597,3
75474,3
H1W 2,3
08805,4
48219,2
35747,1
30106,1
48098,2
11357,1638
07446,34
12492,2
08901,19
07677,29
99801,2
19610,4
48188,2
02536,6
02472,3
12061,6
18347,2
13433,1
92606,1
35603,2
19973,1
92612,1
90250,3
32789,1
32935,1
37363,3
10457,2499
11579,42
10475,814
46142,2
08232,2
98005,3
07661,28
07013,31
90016,1
5600,2
11796,12
43614,3
91423,3
20895,1
10000,4
11802,5
21211,5
97214,5
02740,2
94520,1
49938,2
33914,2
30040,1
75115,1
92069,1
29223,1
54220,3
11226,3010
11214,3921
08043,8
07641,12
07751,64
07840,18
33309,7
4026,5
92128,6
N3H 1,3
05403,1
02540,3
91701,1
12729,3
30028,2
20902,3
77418,2
07065,18
11224,1567
07106,35
78217,3
33067,5
07083,58
77043,6
12444,3
06615,3
60606,2
38305,2
10285,2
02909,2
21601,1
07621,46
10552,169
07075,14
07503,21
85306,2
07407,28
37919,3
30346,7
19044,13
08817,27
06854,15
34243,3
68137,2
20905,3
07046,2
33066,1
77004,1
18902,3
11931,1
53168,1
77802,4
11934,20
18507,3
23452,17
19382,4
60045,2
75134,4
57106,1
06759,1
03062,2
07014,8
12194,6
02813,2
75247,5
04101,3
07301,3
39003,2
15206,1
41100,2
21061,1
92131,1
12545,1
03229,1
11221,2533
11414,996
11514,51
75701,6
28803,3
89148,3
08021,6
85044,9
07081,5
12516,1
07869,12
23228,1
13235,1
20784,3
76132,1
14219,7
11435,2188
11967,71
11714,296
78682,3
41101,6
27401,3
06108,10
30096,14
06611,24
57703,2
91367,3
13428,1
75233,1
76901,3
02048,6
60559,2
12308,2
13903,2
60010,3
10921,2
10011,2283
11004,442
10509,60
11231,1358
07716,12
94954,14
12167,12
91762,2
07762,6
12480,3
28025,2
12209,3
19027,13
89502,1
07838,5
18020,5
1266,1
89139,1
12506,1
02347,2
94609,1
None,0
23224,2
77077,4
20706,3
10116,63
07023,17
12060,3
85034,3
20170,2
18610,3
96791,1
78212,3
20912,5
29412,2
34461,2
48207,1
07726,172
78754,4
75234,12
07753,14
12200,12
60179,4
10156,19
76706,2
21075,1
14075,7
08055,5
M9A5A,1
97232,3
15944,1
06813,2
18078,1
12443,1
18055,1
60062,10
10549,63
60517,1
46227,4
40007,9
85224,4
08882,15
78634,3
13092,3
24401,5
07505,3
75035,1
44035,3
02492,6
13815,2
55101,2
74105,3
84043,1
07017,54
07024,130
08863,12
21114,4
10578,1
61265,3
33496,5
90038,1
56201,3
34714,1
98072,1
12083,1
02150,7
11229,2914
10310,1449
10473,1148
11980,9
07601,107
10171,3
08723,19
55126,5
10969,10
12404,9
11976,6
11509,57
89118,7
01770,3
08502,1
08015,3
01930,3
60194,3
19030,1
11230,2798
10528,102
10522,69
48820,3
06801,6
50309,3
07069,10
33133,2
17601,5
53705,2
19001,1
75229,3
85028,1
20882,1
18405,3
12184,1
93311,3
01014,2
89147,20
19020,6
01532,4
14225,27
89120,3
08859,62
24011,4
23832,1
55044,1
77708,1
14215,3
33134,4
98226,1
12588,1
98110,1
10305,2090
10014,1672
11216,2035
94545,3
02891,2
28387,1
27106,2
08638,2
20171,2
10270,2
93701,1
34786,2
29597,2
34744,1
14201,1
94513,1
01012,3
55435,3
18301,25
44286,3
06840,38
07620,7
33426,3
02476,1
11418,1867
10280,136
80503,1
22195,1
60601,2
42104,1
64153,4
19342,3
93313,7
07646,22
74146,5
92592,1
22193,4
07945,2
33904,1
16134,1
43201,1
94523,2
H4L5N,1
12585,1
98004,1
30035,1
10463,1666
11746,491
33716,7
11023,106
11942,20
55616,1
14224,10
93012,3
07735,47
89015,2
85711,9
73134,3
55102,3
47708,6
90402,1
37416,1
10641,1
76054,1
49065,1
13104,1
55447,2
91730,6
06019,6
6004,3
91362,3
08054,26
07728,114
08879,65
12206,6
55317,2
10185,23
28205,1
19963,2
19711,7
90813,2
10278,4
20152,3
30461,2
10462,2690
11550,349
85284,9
07650,38
85331,2
14623,9
14228,27
11242,50
43560,1
07920,14
89101,1
19040,5
05401,3
07514,3
13339,3
42746,1
33325,1
07979,1
16335,1
11697,78
10455,1670
10001,2828
07731,72
91790,3
10548,34
56377,5
07740,12
02189,4
80237,6
44109,5
89509,1
06068,1
01103,1
11368,3536
11735,311
11691,892
12494,4
01300,3
11789,9
07060,44
01702,3
10136,1
80110,7
07140,1
37210,2
80203,8
11713,22
19047,4
44116,4
55744,1
80526,1
01069,2
30052,1
18344,3
91316,1
46201,1
54301,1
11102,1442
36081,3
20705,3
11709,42
2009,3
75201,2
35476,4
07460,5
32304,1
18013,6
03110,4
46590,2
41018,1
08505,3
19139,2
21213,2
02726,1
06488,1
11422,707
34233,3
12564,31
07057,16
22192,1
06482,5
97205,3
94103,49
10055,6
30016,2
45601,2
46700,2
77046,3
35806,1
11208,2946
06897,15
33032,1
11901,33
32824,3
1550,4
57107,3
78550,3
19131,5
84003,3
03251,3
12515,3
87501,6
32317,1
06001,5
14414,2
75601,2
28590,3
78758,4
60656,4
12207,4
63042,13
11963,14
21030,5
19128,4
00,1
1060,1
30047,2
11740,43
11204,2563
92618,10
07624,31
60602,3
11548,20
55402,6
07201,8
10511,8
27893,1
17550,1
20785,4
46615,3
10304,1476
10601,55
11232,1504
10533,29
07112,45
07012,21
08741,3
02210,3
19014,5
19890,7
32703,1
74135,2
13219,2
19401,3
20814,6
44094,2
32086,1
02915,4
00840,2
22554,2
06282,2
21222,6
37013,1
35226,2
34231,1
10460,1731
11757,285
02184,5
10547,38
14604,5
40006,4
29605,1
37902,3
19403,1
19709,6
01970,3
08091,1
10588,9
19425,1
07922,7
18039,3
02346,2
21076,1
22308,3
48154,1
70810,1
53204,1
10303,1145
33308,5
45040,12
46219,7
93301,2
10165,25
12461,13
22304,3
17050,6
40010,2
11352,18
01040,4
10526,9
02840,5
07522,5
13757,2
95482,2
33467,5
90046,2
48185,1
18354,3
02719,2
11429,792
07467,4
07205,29
07010,79
22203,2
10103,15
10167,6
12769,4
08885,3
27405,1
13501,3
05743,1
33534,1
10458,2745
10941,26
30092,8
10706,73
68134,1
92008,6
75006,3
20166,7
06907,3
44125,2
19468,4
07928,10
03063,1
94118,3
01236,1
19602,4
11701,134
11366,641
77056,1
18334,3
60645,2
07039,45
12305,3
44139,3
08105,6
06515,4
83707,2
01560,3
02110,1
06791,1
27609,1
12118,1
33186,1
19067,1
10472,2264
10468,1932
95660,2
23230,3
12487,2
32905,3
07704,9
37203,4
33876,1
91342,1
02889,1
12722,1
10003,2485
33442,8
11598,176
11207,3217
28217,11
18360,18
30093,3
07110,33
07508,13
12449,6
75252,3
28270,3
06776,18
77092,4
90064,3
07653,3
31400,1
76107,1
11362,575
07082,11
30009,1
08831,33
02906,4
73112,7
77041,1
12571,12
60402,3
18353,2
62703,3
92130,3
27551,3
19611,2
14009,3
70062,4
06404,2
44240,4
19901,1
90048,1
33064,1
13740,8
10504,73
11431,32
07675,43
74107,4
01581,6
11545,95
06901,15
92025,6
98177,3
96001,1
20910,3
10129,1
08244,1
06457,5
06002,1
18503,1
12723,1
10430,1
10023,1453
07087,155
31405,2
77072,3
18088,6
40511,5
93711,3
33255,3
54880,3
43231,3
08824,10
91321,2
32751,6
13850,5
11944,10
10973,1
44647,3
92104,1
03818,1
28145,1
44135,1
11779,204
65201,5
19087,4
12561,10
33455,3
12441,2
97504,1
10115,2
30120,4
04239,3
06451,2
95661,3
11378,1946
10451,1747
11792,26
07026,27
14059,11
29732,4
08846,12
85053,4
12054,8
30319,1
12758,5
20003,9
22206,3
89005,2
97007,2
55347,1
68803,1
06524,2
31904,3
10040,1149
07410,83
75034,7
07430,45
13760,11
07011,62
85704,1
07090,38
08094,4
29906,3
01128,4
17402,1
43221,1
32117,1
30068,1
11219,2324
11725,157
11577,135
10570,88
10922,6
92115,6
1308,2
11741,100
33610,2
1200,3
55303,3
57104,3
19148,1
63112,1
06519,6
20010,4
08757,3
07512,2
55416,1
95502,2
30339,53
11692,315
60563,6
06067,10
85040,5
30071,25
16148,1
40222,3
38016,6
49686,2
43125,3
97502,2
12110,5
60443,2
75231,4
08204,6
44134,1
07440,4
02748,2
08610,1
91320,1
11275,1
10965,162
02081,3
32216,9
12582,19
07421,15
48108,4
14043,7
92821,3
07058,7
11038,1
19355,3
18974,3
70117,1
76051,2
11377,3179
07020,44
07652,76
18901,6
12721,12
1110,2
11439,10
07095,22
19508,5
34698,3
19428,3
44146,5
95125,1
50141,3
20744,3
11972,3
61081,1
07419,1
02771,1
17102,1
19073,1
14609,1
COLLE,1
01109,2
18417,3
10080,7
11733,60
33432,7
64503,3
60714,3
60008,5
55362,4
19082,3
08533,4
14611,1
98208,3
45314,3
85255,1
41015,1
15132,2
07930,1
33165,2
11776,64
12586,23
77554,3
07033,17
33146,3
12534,18
11769,35
30314,1
55439,4
78660,7
08759,28
10524,9
07935,2
11201,2152
07101,4
10543,109
54060,3
10990,56
10577,10
18040,7
10271,9
10917,7
93117,3
80246,11
01831,1
11977,1
07974,7
94132,2
21043,3
12514,6
14856,1
11220,3768
11946,25
91361,6
08527,32
93309,3
40072,2
72201,6
61107,5
20745,1
18707,4
12058,2
96813,1
19083,1
54166,1
11569,1
59601,1
07722,44
48313,3
10022,2006
12401,19
11572,310
10168,18
07003,42
80112,13
98003,3
33543,2
08401,7
14870,3
48906,3
44145,3
83651,1
61108,1
08008,1
11209,2833
85712,8
10940,62
11694,703
12450,6
73106,2
27105,2
55068,2
32073,2
05775,2
68521,1
12828,2
22066,1
V5G 4,1
11206,2095
11423,1027
07932,6
44444,7
11933,15
66219,1
32541,2
56004,1
07738,20
19134,1
22207,2
46706,1
19010,1
77840,2
08087,3
10002,2712
98021,3
11581,319
10591,78
11780,56
12589,25
11726,120
07506,30
85202,3
89119,11
07644,47
11961,27
19601,7
07732,4
07926,3
70808,1
06795,1
98134,3
12464,3
14513,1
02649,1
75207,4
08876,12
28273,15
34239,1
26575,2
07756,1
18966,1
13842,7
75067,11
07604,10
20770,1
85296,4
95120,6
14608,1
33431,5
12075,1
33556,1
34135,1
76126,1
92661,1
08721,3
21915,1
02459,1
02143,1
07924,1
10702,15
11558,215
01752,1
10970,25
76522,4
95336,6
08826,2
33619,5
06525,6
11386,7
33498,5
90703,3
92262,1
12885,2
10964,2
11203,2136
11730,56
11575,99
75081,9
02601,1
75244,7
38801,3
90027,10
18049,6
12734,3
12572,15
80910,3
30306,3
76208,1
10519,1
06517,2
93551,1
11222,1854
07901,17
85286,7
11743,221
11778,30
11771,31
10154,7
11703,60
12477,22
36305,4
23320,6
11939,4
77083,4
06812,13
37075,8
30004,3
01960,2
41017,3
30308,2
29418,1
11003,456
11373,2766
14221,41
01840,4
07724,25
75230,1
14534,2
11005,19
32225,4
10311,3
91941,3
07035,6
11433,1120
10065,1126
10454,1260
11784,55
07109,34
21093,6
07640,17
40299,6
08534,7
14203,6
80909,2
06796,4
M6S2C,1
15905,3
75204,1
54981,1
32127,1
59102,1
18015,10
50003,3
07310,19
46032,1
20877,1
89052,2
27707,2
18102,4
08530,6
06514,12
12302,1
17110,2
07825,3
11958,3
08609,2
79015,1
19977,1
06107,3
19104,1
WA44B,1
98372,2
10035,1401
11372,2978
11223,3137
10456,2608
97005,11
19462,11
07832,2
08690,6
02144,1
12015,1
10107,19
19006,3
60523,6
98502,5
60652,2
97217,1
14420,1
38655,4
55433,7
55426,8
11565,71
97408,2
02646,1
91436,1
71306,3
10199,1
80487,1
18517,1
11948,1
55404,1
14202,5
11570,161
11430,267
11553,146
10977,168
34691,3
14614,9
07605,27
46307,2
53222,1
06470,7
48310,1
91739,1
77845,1
34145,3
33572,2
18976,1
86326,1
11720,70
07657,22
34761,2
07461,8
08830,14
05254,1
19605,5
08330,7
06073,3
98056,1
59602,3
11105,1728
11358,1470
11710,358
10705,318
11507,149
30907,5
38125,1
61834,5
07830,7
07801,4
30080,5
18109,5
33767,3
01610,3
29420,2
91505,1
91104,1
60607,1
08809,4
02180,3
46805,1
78215,1
10028,1337
11210,1767
07102,20
07105,36
10920,53
48917,2
02865,4
12524,17
18343,4
17527,3
12180,10
01886,4
22306,1
21224,3
28805,1
90810,1
08734,2
11415,528
10804,110
02116,8
06604,18
08629,12
29571,1
12790,3
N3HIC,2
07092,5
23229,1
00623,1
15122,3
12051,5
32765,4
19701,2
33180,1
19003,1
30310,1
90056,1
11040,983
11361,1002
12203,13
07111,119
75001,3
12202,4
22307,6
07055,35
00637,3
74136,5
33763,1
07043,14
07040,30
08553,2
87710,3
22003,4
85203,2
10551,2
02114,1
33967,1
02664,1
34232,6
04102,1
63141,7
77070,4
55337,5
11705,44
80235,3
19107,3
01258,3
06066,5
30064,1
17241,1
05765,3
19805,1
61201,2
34986,2
07470,66
70002,3
06103,2
12538,11
07306,184
10962,15
58103,3
61761,5
13205,2
92660,5
06614,17
97224,2
23454,1
03874,1
21212,3
20866,1
65807,2
71302,1
01760,1
92630,5
11557,67
49202,3
77014,3
92127,3
10916,23
08844,27
10173,5
32746,1
60162,1
22079,1
70816,3
19086,2
19103,1
19150,1
11424,1
60187,1
98632,1
11516,115
91773,1
60018,21
92883,2
07302,97
24012,6
1603,2
08033,5
32207,4
08852,14
94804,2
78750,3
06074,1
08823,3
89135,3
01020,2
76262,4
22101,3
22031,1
23139,3
90021,1
10542,3
32712,1
53210,1
11228,1523
10956,151
11747,224
91324,3
33126,7
07662,7
45414,3
33624,3
1617,1
53203,5
97301,4
15276,3
34234,3
12740,1
11739,7
07871,37
10983,30
07068,5
06106,3
12485,1
20740,1
95476,2
12019,1
08310,3
10987,16
10033,1705
10510,36
10913,54
92121,7
10560,11
18328,15
11742,25
32901,4
06824,26
19808,2
16507,8
80831,2
10031,1997
14120,4
23430,5
07626,32
55127,3
07734,26
03077,3
61701,3
19440,2
60035,3
18330,7
18435,6
07860,2
27127,1
06883,4
32219,1
22911,1
11552,271
10604,77
10004,477
14569,3
95501,3
06878,7
18324,26
19116,11
23510,2
29154,2
89121,1
11 7J,1
33629,2
11410,1
57042,1
11413,1031
11217,1512
10541,209
84341,2
10501,13
85027,4
10928,11
33570,2
08512,6
06513,3
31501,2
18371,3
19145,5
06010,4
84014,2
20036,4
30342,1
11432,2432
10112,37
11731,117
07424,40
46350,3
13827,3
07663,22
72103,3
54302,3
07059,12
60004,4
13202,3
33314,3
85020,2
07502,7
33321,6
