(40.808571, -73.939504),3
(40.645232, -74.104674),2
(40.836471, -73.92889),1
(40.832813, -73.921811),1
(40.84052, -73.875235),3
(40.728347, -74.005343),3
(40.730372, -73.892378),4
(40.703441, -73.772295),1
(40.628627, -74.112606),1
(40.792696, -73.945962),3
(40.703438, -73.78358),2
(40.726143, -73.784924),1
(40.814721, -73.924488),2
(40.648962, -73.904736),1
(40.66433, -73.937094),1
(40.848212, -73.933237),1
(40.818268, -73.896715),1
(40.770141, -73.984974),1
(40.664701, -73.986735),8
(40.613122, -73.917444),1
(40.764225, -73.982391),1
(40.681707, -73.93124),1
(40.852945, -73.853415),1
(40.726341, -73.789935),1
(40.631984, -74.002439),2
(40.730605, -73.863635),2
(40.725042, -73.85502),1
(40.705684, -73.939497),1
(40.603591, -74.131532),1
(40.729489, -73.993325),8
(40.878429, -73.874574),9
(40.75094, -73.822838),1
(40.761332, -73.823125),1
(40.813208, -73.904765),2
(40.636045, -73.915214),6
(40.67397, -73.955734),1
(40.870112, -73.864322),1
(40.718756, -73.840294),1
(40.788411, -73.815581),1
(40.633932, -73.988773),2
(40.567049, -73.886511),1
(40.723064, -73.864946),1
(40.898765, -73.854019),1
(40.730174, -73.892364),1
(40.586738, -73.990708),1
(40.707365, -73.90088),1
(40.73859, -73.98466),2
(40.669271, -73.986237),7
(40.822175, -73.954067),6
(40.747118, -73.718436),1
(40.755402, -73.943436),1
(40.611985, -73.962766),13
(40.549711, -74.151062),5
(40.633781, -73.948605),2
(40.761041, -73.935671),5
(40.848084, -73.934874),1
(40.864847, -73.922544),1
(40.688195, -73.782944),1
(40.66395, -73.731745),1
(40.735656, -73.991398),26
(40.714285, -73.987591),5
(40.742499, -73.993115),23
(40.797834, -73.951465),1
(40.855419, -73.897984),2
(40.675294, -73.999293),1
(40.678163, -73.968667),3
(40.856905, -73.885095),4
(40.751261, -73.979868),4
(40.710624, -73.783423),1
(40.815052, -73.935936),5
(40.670077, -73.92157),6
(40.805222, -73.965916),2
(40.84813, -73.857412),1
(40.843569, -73.882787),1
(40.683502, -73.809637),1
(40.634234, -73.964065),1
(40.68278, -73.921886),1
(40.764618, -73.940829),1
(40.614442, -74.033537),1
(40.678884, -73.791559),1
(40.70117, -73.940049),3
(40.693445, -73.990577),6
(40.668072, -73.989254),10
(40.83543, -73.942338),2
(40.761156, -73.803867),1
(40.843382, -73.939534),1
(40.647802, -74.007503),3
(40.861665, -73.903072),9
(40.745831, -73.991916),1
(40.852141, -73.92986),4
(40.841486, -73.882635),1
(40.703455, -73.756234),1
(40.652639, -73.929454),1
(40.876434, -73.827606),2
(40.654298, -73.84447),1
(40.749769, -73.884172),10
(40.862788, -73.906784),1
(40.75462, -73.944188),5
(40.712264, -73.888475),3
(40.653585, -73.965175),1
(40.686092, -73.950725),1
(40.666691, -73.941918),1
(40.775271, -73.911762),1
(40.763855, -73.828522),1
(40.586254, -74.092348),1
(40.558416, -74.1619),3
(40.632448, -73.893512),14
(40.684959, -73.979736),2
(40.571597, -74.091806),4
(40.689465, -73.763043),1
(40.636707, -73.972855),4
(40.717983, -73.81188),1
(40.68229, -73.995922),1
(40.672464, -73.839298),1
(40.710705, -73.968536),1
(40.838732, -73.902358),1
(40.740698, -73.86871),1
(40.692689, -73.971757),1
(40.755703, -73.918805),41
(40.854992, -73.929825),1
(40.680718, -73.791485),4
(40.566619, -74.115673),9
(40.621837, -74.031714),1
(40.627523, -74.076161),5
(40.87143, -73.849389),4
(40.775158, -73.911871),14
(40.664292, -73.907984),4
(40.607487, -73.749187),1
(40.656173, -73.937721),2
(40.676686, -73.946236),1
(40.709672, -74.010114),1
(40.881017, -73.864256),1
(40.63262, -73.947439),2
(40.73136, -73.780141),1
(40.814358, -73.940659),1
(40.651388, -73.883355),1
(40.873827, -73.826062),4
(40.684085, -73.846679),2
(40.752532, -73.978662),6
(40.667093, -73.860276),8
(40.662535, -73.881454),2
(40.599924, -73.9613),2
(40.707242, -74.013915),1
(40.77878, -73.979942),1
(40.634066, -73.946573),1
(40.83961, -73.836823),1
(40.641735, -73.935962),2
(40.691954, -73.745721),1
(40.635168, -73.993843),1
(40.663626, -73.939971),2
(40.815763, -73.900437),2
(40.680202, -73.845636),1
(40.757136, -73.987446),2
(40.666892, -73.823991),1
(40.707294, -74.01209),1
(40.76757, -73.803935),1
(40.864313, -73.920683),2
(40.857568, -73.932172),4
(40.783213, -73.845653),7
(40.721714, -73.890916),3
(40.856347, -73.895854),1
(40.894309, -73.850882),1
(40.818348, -73.907059),1
(40.640763, -73.969203),2
(40.844764, -73.854195),1
(40.832444, -73.864435),2
(40.841095, -73.881107),1
(40.665186, -73.946836),1
(40.760263, -73.912425),1
(40.6923, -73.76005),1
(40.746107, -73.914085),1
(40.737871, -73.993912),1
(40.745343, -73.992674),1
(40.638282, -74.012625),1
(40.661971, -73.891021),1
(40.857927, -73.907119),25
(40.657787, -73.887525),2
(40.86695, -73.928417),19
(40.841544, -73.885902),2
(40.696914, -73.743366),1
(40.732802, -73.991192),2
(40.747929, -73.865462),2
(40.694122, -73.988904),1
(40.71521, -73.989918),2
(40.714213, -73.913903),2
(40.649114, -73.885157),1
(40.711855, -73.80262),1
(40.719712, -73.890598),1
(40.870974, -73.889601),2
(40.633116, -74.031532),12
(40.657739, -73.952079),4
(40.821236, -73.940183),6
(40.704599, -73.919708),3
(40.749917, -73.911009),6
(40.839511, -73.915808),4
(40.71176, -73.745837),1
(40.829251, -73.918885),6
(40.664294, -73.919107),4
(40.700848, -73.913437),1
(40.659329, -73.981261),1
(40.775295, -73.911704),1
(40.764697, -73.823025),2
(40.615851, -73.951594),1
(40.678069, -73.73525),1
(40.697991, -73.794954),1
(40.761986, -73.987358),1
(40.86169, -73.824344),1
(40.74936, -73.986773),1
(40.827316, -73.880774),2
(40.767278, -73.827156),1
(40.742839, -73.915854),1
(40.669441, -73.943037),1
(40.748345, -73.990245),2
(40.760654, -73.828545),2
(40.694879, -73.931522),1
(40.808105, -73.94523),1
(40.676903, -73.788508),1
(40.754562, -73.823626),3
(40.848013, -73.831475),1
(40.839715, -73.943242),1
(40.859089, -73.927688),1
(40.844869, -73.942377),1
(40.603244, -73.952133),1
(40.671929, -73.843117),3
(40.676712, -74.01485),5
(40.816099, -73.937604),1
(40.593219, -73.787088),5
(40.642137, -73.929159),1
(40.702386, -73.985393),1
(40.701149, -73.937651),11
(40.695903, -73.747005),3
(40.863774, -73.825123),2
(40.712586, -74.009775),1
(40.658992, -73.831185),1
(40.676994, -73.888466),1
(40.724287, -73.822025),2
(40.695464, -73.919697),1
(40.607304, -74.098676),1
(40.634908, -73.951148),1
(40.699408, -73.834415),2
(40.674125, -73.976675),1
(40.595942, -73.991617),15
(40.616732, -74.032605),9
(40.689712, -73.783924),1
(40.798721, -73.96956),13
(40.74814, -73.913913),9
(40.864897, -73.919124),4
(40.846286, -73.934139),2
(40.725601, -73.791694),1
(40.675197, -73.883757),1
(40.703265, -73.991503),2
(40.63344, -73.947744),1
(40.726196, -73.977281),1
(40.846136, -73.918966),14
(40.666125, -73.947654),2
(40.782487, -73.811304),4
(40.77894, -73.982423),18
(40.733073, -73.78195),3
(40.721656, -73.977499),1
(40.760857, -73.979717),1
(40.669263, -73.864085),1
(40.672041, -73.77799),1
(40.700795, -73.838851),2
(40.831938, -73.823009),1
(40.797706, -73.948608),1
(40.699578, -73.832359),1
(40.749547, -73.987978),2
(40.684439, -73.933408),1
(40.79214, -73.971824),23
(40.607755, -73.962822),1
(40.807735, -73.937063),6
(40.645655, -73.94901),1
(40.679144, -73.962991),2
(40.757905, -73.784923),1
(40.615884, -73.951576),1
(40.815285, -73.824527),1
(40.798896, -73.968064),1
(40.737783, -73.859463),3
(40.685311, -73.803275),1
(40.646825, -73.950919),1
(40.699033, -73.779079),1
(40.688529, -73.973897),1
(40.810857, -73.916715),1
(40.580701, -73.837704),1
(40.71322, -74.011709),1
(40.819545, -73.940618),1
(40.846525, -73.935122),1
(40.835052, -73.874981),1
(40.632071, -73.948718),1
(40.662054, -73.837665),7
(40.663991, -73.860488),15
(40.847236, -73.888101),1
(40.807387, -73.936695),1
(40.640969, -73.954332),2
(40.696829, -73.811492),1
(40.819219, -73.952895),1
(40.759212, -73.77358),30
(40.759017, -73.82007),3
(40.692876, -73.907944),1
(40.727977, -73.776526),2
(40.669302, -73.766997),4
(40.753771, -73.873142),1
(40.701257, -73.824532),1
(40.859967, -73.854925),1
(40.724479, -73.758282),1
(40.737561, -73.993176),1
(40.697184, -73.925068),1
(40.731501, -73.800288),1
(40.699674, -73.94005),1
(40.742281, -73.917908),1
(40.836858, -73.944372),1
(40.592991, -73.996162),1
(40.689898, -73.834785),2
(40.636761, -73.940208),2
(40.735679, -73.934465),2
(40.822988, -73.955671),3
(40.76791, -73.890469),1
(40.809534, -73.923887),2
(40.765206, -73.919461),1
(40.760447, -73.832754),2
(40.829745, -73.94802),1
(40.653626, -74.003269),5
(40.634123, -74.12257),1
(40.692568, -73.76244),1
(40.638078, -73.930885),1
(40.57507, -73.985878),1
(40.59004, -73.985868),1
(40.858204, -73.837197),1
(40.678557, -73.779147),1
(40.850937, -73.892342),6
(40.83641, -73.836715),6
(40.830359, -73.913778),3
(40.726045, -73.97796),6
(40.71554, -74.006064),6
(40.705676, -73.945513),1
(40.771119, -73.90684),8
(40.669188, -73.98105),1
(40.733659, -73.810703),2
(40.822149, -73.944568),1
(40.894911, -73.896604),2
(40.765086, -73.974871),1
(40.646172, -73.896798),1
(40.697375, -73.777858),1
(40.848866, -73.906489),1
(40.671193, -73.838785),2
(40.814362, -73.957147),1
(40.907362, -73.903954),6
(40.659556, -73.891385),1
(40.664528, -73.96119),8
(40.627568, -74.02413),4
(40.765955, -73.969697),7
(40.615335, -73.982308),2
(40.677333, -73.876622),1
(40.715426, -73.87306),5
(40.845666, -73.934591),4
(40.854161, -73.867727),2
(40.587879, -73.960385),1
(40.710515, -73.769955),1
(40.61431, -74.173997),2
(40.907312, -73.90399),1
(40.749854, -73.985845),1
(40.697068, -73.989996),2
(40.758762, -73.890426),1
(40.678094, -73.978325),2
(40.829705, -73.921121),1
(40.726576, -73.98476),10
(40.731179, -73.852979),1
(40.660725, -73.887949),2
(40.636274, -73.994387),1
(40.673622, -73.779433),2
(40.801098, -73.967294),2
(40.704848, -73.796408),1
(40.660081, -73.898608),3
(40.819391, -73.944422),2
(40.6654, -73.934753),1
(40.807712, -73.916863),1
(40.633105, -73.888903),2
(40.682153, -73.893072),1
(40.637295, -73.94911),1
(40.860771, -73.90465),1
(40.679553, -73.844408),1
(40.596991, -73.749057),1
(40.696716, -73.761455),1
(40.620251, -74.032362),4
(40.706246, -73.80031),1
(40.831995, -73.888809),1
(40.806676, -73.936941),1
(40.748489, -73.70918),2
(40.60626, -74.162282),6
(40.844461, -73.934213),3
(40.852936, -73.827345),1
(40.748885, -73.866207),1
(40.766391, -73.982119),1
(40.708387, -74.012563),1
(40.744529, -73.985301),1
(40.758317, -73.990247),1
(40.673389, -73.736354),1
(40.678074, -73.735247),1
(40.824151, -73.875786),8
(40.856688, -73.929353),7
(40.688127, -73.980417),6
(40.756351, -73.947373),2
(40.637601, -73.90049),2
(40.823024, -73.938049),5
(40.834978, -73.888053),1
(40.798937, -73.945602),2
(40.630425, -74.024174),2
(40.869949, -73.87053),4
(40.75313, -73.996481),2
(40.822403, -73.942223),1
(40.866053, -73.892899),1
(40.700014, -73.747927),1
(40.846343, -73.884177),1
(40.774887, -73.912203),2
(40.663356, -73.842899),1
(40.676795, -73.771088),1
(40.667093, -73.867272),4
(40.641193, -73.944394),4
(40.78244, -73.984423),51
(40.781682, -73.952853),4
(40.791929, -73.949599),7
(40.708736, -73.932727),1
(40.792285, -73.811283),2
(40.665207, -73.89417),1
(40.736231, -73.808685),1
(40.65845, -73.904261),3
(40.862289, -73.901466),2
(40.68509, -73.762954),1
(40.665231, -73.998209),1
(40.685574, -73.772835),1
(40.782622, -73.91632),1
(40.870053, -73.903107),2
(40.706893, -73.91542),1
(40.71974, -73.73296),1
(40.613574, -73.99969),1
(40.80086, -73.954233),2
(40.612112, -74.132316),1
(40.730815, -74.008064),2
(40.611562, -74.009753),1
(40.660001, -73.952304),2
(40.669503, -73.87049),3
(40.743134, -73.906644),1
(40.814555, -73.822564),1
(40.690207, -73.981624),1
(40.819142, -73.900945),1
(40.814707, -73.923971),1
(40.607375, -73.749324),1
(40.71187, -74.008217),23
(40.732481, -73.849379),2
(40.727392, -74.005517),3
(40.642962, -73.895891),11
(40.849547, -73.833752),1
(40.626396, -74.130316),1
(40.707416, -73.965086),1
(40.7466, -73.864707),1
(40.800757, -73.967933),1
(40.844456, -73.917508),2
(40.802774, -73.951447),1
(40.644212, -73.933318),1
(40.610157, -73.753542),1
(40.621603, -73.949612),2
(40.695507, -73.756627),1
(40.653006, -73.736395),1
(40.835224, -73.919839),1
(40.854487, -73.867361),1
(40.859573, -73.893405),1
(40.856456, -73.914991),1
(40.720619, -73.846061),1
(40.766303, -73.984),1
(40.84741, -73.937228),6
(40.727617, -73.818545),11
(40.574337, -74.107446),19
(40.848209, -73.936139),6
(40.727586, -73.786096),2
(40.783229, -73.802321),1
(40.754216, -73.990478),3
(40.668475, -73.896017),1
(40.634697, -73.967458),1
(40.742343, -73.977593),4
(40.856681, -73.930969),1
(40.668644, -73.837898),2
(40.677633, -73.765879),1
(40.867505, -73.924508),1
(40.68913, -73.795973),2
(40.700894, -73.893201),2
(40.718606, -73.929366),1
(40.751226, -73.886465),2
(40.81481, -73.921825),2
(40.684656, -73.989071),1
(40.628983, -74.115763),1
(40.725722, -73.732308),1
(40.661387, -73.907624),1
(40.679485, -73.839274),1
(40.671303, -73.956579),1
(40.708677, -74.014197),2
(40.735453, -73.991549),1
(40.664116, -73.919079),1
(40.573488, -74.116955),1
(40.66721, -73.823616),3
(40.771322, -73.906594),1
(40.733537, -74.007736),1
(40.710365, -73.799515),1
(40.592455, -74.163383),1
(40.69006, -73.923609),1
(40.832452, -73.889564),1
(40.63427, -73.890205),35
(40.630155, -74.013085),2
(40.852033, -73.905487),1
(40.856722, -73.888927),2
(40.65987, -73.943016),2
(40.717577, -73.738614),1
(40.58868, -73.967466),2
(40.732734, -73.849508),1
(40.865575, -73.919842),1
(40.848683, -73.936399),1
(40.621755, -74.030435),1
(40.791029, -73.974417),1
(40.856014, -73.894492),1
(40.750245, -73.976909),2
(40.674124, -73.798849),1
(40.885555, -73.91375),1
(40.872947, -73.904448),1
(40.759191, -73.823029),1
(40.657451, -73.875376),1
(40.569217, -74.111009),25
(40.74865, -73.988317),1
(40.722571, -73.982701),6
(40.852371, -73.934628),2
(40.672188, -73.821353),3
(40.867667, -73.831183),9
(40.720818, -73.844365),6
(40.597676, -73.785316),1
(40.627252, -74.007364),1
(40.722718, -73.811823),2
(40.696, -73.782111),4
(40.847079, -73.906426),1
(40.664435, -73.997185),2
(40.876864, -73.861578),2
(40.775227, -73.911788),1
(40.650302, -74.008577),2
(40.691852, -73.801579),1
(40.72335, -73.900239),2
(40.741439, -73.781789),1
(40.706805, -73.941007),1
(40.701749, -73.940993),1
(40.750012, -73.704886),1
(40.681005, -73.971892),1
(40.583358, -74.095789),28
(40.726123, -73.790592),4
(40.850724, -73.933361),13
(40.685486, -73.917885),2
(40.701812, -73.81564),7
(40.692915, -73.785183),1
(40.668694, -73.873329),1
(40.76295, -73.93778),1
(40.710874, -73.853413),1
(40.65959, -73.962656),2
(40.837926, -73.940482),3
(40.668559, -73.958722),1
(40.764452, -73.963735),2
(40.855062, -73.903906),1
(40.711537, -74.015673),1
(40.694629, -73.841498),1
(40.659797, -73.831385),1
(40.611746, -74.010092),1
(40.633359, -73.920647),1
(40.787335, -73.978286),1
(40.80222, -73.94612),2
(40.635401, -73.992726),3
(40.692783, -73.794043),8
(40.737347, -73.797355),2
(40.75886, -73.984843),13
(40.697532, -73.994785),2
(40.860746, -73.90038),5
(40.630553, -74.028173),1
(40.833095, -73.909178),1
(40.658172, -73.906251),1
(40.736195, -73.869956),1
(40.668879, -73.932432),2
(40.717565, -73.936726),1
(40.712982, -74.007301),22
(40.781058, -73.977374),16
(40.850288, -73.934626),2
(40.702866, -73.888462),1
(40.726086, -73.97739),2
(40.568169, -74.126117),3
(40.601737, -73.749043),2
(40.675023, -73.946814),1
(40.701824, -73.93734),1
(40.667142, -73.872139),1
(40.632995, -73.926128),1
(40.802592, -73.937256),1
(40.760192, -73.8276),6
(40.713441, -73.958701),1
(40.751923, -73.983073),4
(40.833137, -73.830378),1
(40.800226, -73.961179),1
(40.649911, -73.946553),2
(40.756267, -73.921187),3
(40.724479, -73.898033),2
(40.625734, -74.025567),2
(40.669026, -73.935413),3
(40.655361, -73.88235),2
(40.784144, -73.825065),1
(40.817987, -73.936439),3
(40.800253, -73.969064),1
(40.744465, -73.917473),1
(40.664173, -73.939891),1
(40.686716, -73.917959),1
(40.672014, -73.978154),1
(40.682466, -73.924497),1
(40.836924, -73.865354),1
(40.589359, -73.985364),1
(40.82437, -73.945531),1
(40.849013, -73.830366),1
(40.666709, -73.888775),1
(40.629237, -74.022754),1
(40.711041, -74.006724),1
(40.67916, -73.838132),3
(40.736241, -73.713329),2
(40.794913, -73.813743),7
(40.727955, -73.812274),1
(40.906308, -73.904237),4
(40.769446, -73.79333),1
(40.591783, -73.971872),1
(40.630239, -74.108153),1
(40.776515, -73.921365),1
(40.773525, -73.911664),3
(40.837837, -73.91963),1
(40.730157, -73.782634),1
(40.656665, -73.843153),75
(40.752771, -73.872559),9
(40.820846, -73.880196),6
(40.726978, -73.893588),14
(40.799617, -73.943987),6
(40.752932, -73.991258),5
(40.850362, -73.938494),1
(40.645609, -73.890378),1
(40.70074, -73.895368),3
(40.863196, -73.917416),1
(40.631016, -74.101896),1
(40.651421, -73.728902),2
(40.788425, -73.978918),1
(40.690789, -73.746588),2
(40.712265, -74.007892),71
(40.871669, -73.833317),5
(40.674958, -73.868929),1
(40.855129, -73.892841),2
(40.863945, -73.924982),3
(40.720758, -73.760089),17
(40.719786, -73.871691),7
(40.69522, -73.758612),3
(40.557509, -73.92837),3
(40.820782, -73.851007),2
(40.74884, -73.913075),2
(40.775761, -73.910148),1
(40.730499, -74.001963),1
(40.802443, -73.968323),2
(40.85796, -73.862918),1
(40.704035, -73.772862),1
(40.800356, -73.939739),1
(40.694605, -73.7935),2
(40.709285, -73.876664),1
(40.670035, -73.880046),1
(40.739265, -73.986215),1
(40.773157, -73.897692),1
(40.656529, -73.895027),3
(40.65073, -73.942793),2
(40.750643, -73.974126),2
(40.862251, -73.922916),1
(40.884439, -73.89556),1
(40.863634, -73.821678),1
(40.539626, -74.217667),1
(40.730123, -73.954949),1
(40.766021, -73.985267),1
(40.648755, -73.977661),1
(40.724948, -73.765107),2
(40.836478, -73.889282),1
(40.736395, -74.000985),1
(40.697983, -73.794972),1
(40.683771, -73.981767),53
(40.813095, -73.907171),1
(40.861185, -73.897155),10
(40.633086, -74.031474),2
(40.771938, -73.946942),23
(40.720727, -73.886794),2
(40.744096, -73.985619),1
(40.76239, -73.974374),1
(40.859783, -73.927036),1
(40.666378, -73.942466),1
(40.759921, -73.831557),4
(40.769692, -73.828085),1
(40.682263, -73.939294),1
(40.726157, -73.784942),1
(40.730928, -73.882747),1
(40.753034, -73.909514),1
(40.541561, -74.14945),2
(40.745833, -73.931441),2
(40.709359, -74.006644),1
(40.822574, -73.821715),1
(40.598817, -73.94157),1
(40.835311, -73.907906),1
(40.832265, -73.942493),4
(40.708208, -73.818046),1
(40.757388, -73.910335),1
(40.624774, -73.939163),3
(40.617453, -73.993563),2
(40.779055, -73.918524),2
(40.849738, -73.912039),1
(40.810031, -73.916658),2
(40.614656, -73.939331),1
(40.699955, -73.991817),1
(40.787957, -73.947298),2
(40.673116, -73.773505),1
(40.659313, -73.983986),1
(40.742883, -73.990686),1
(40.834165, -73.912544),1
(40.863951, -73.925018),1
(40.837333, -73.94006),1
(40.812068, -73.925286),1
(40.765563, -73.770617),1
(40.685906, -73.9402),1
(40.730725, -73.891461),1
(40.586458, -73.809723),1
(40.727131, -73.822068),2
(40.701968, -73.761664),1
(40.868247, -73.891703),1
(40.713503, -73.820348),1
(40.614344, -73.821173),1
(40.711309, -73.856305),1
(40.738835, -73.989867),44
(40.760826, -73.827876),10
(40.728708, -73.782675),11
(40.804292, -73.964966),1
(40.634692, -73.947859),4
(40.633144, -73.983333),1
(40.672681, -73.872499),5
(40.725965, -74.00127),6
(40.889629, -73.898203),2
(40.863351, -73.926591),1
(40.781671, -73.830744),1
(40.844418, -73.93619),1
(40.660207, -73.842099),1
(40.844958, -73.939554),1
(40.840407, -73.912894),2
(40.663896, -73.910677),1
(40.71706, -73.840572),1
(40.804649, -73.951883),1
(40.749234, -73.878517),1
(40.671962, -73.807478),1
(40.818726, -73.937501),4
(40.787324, -73.94988),10
(40.808938, -73.96323),5
(40.773326, -73.959083),1
(40.658932, -73.884863),2
(40.665221, -73.978149),3
(40.653071, -73.952713),1
(40.747661, -73.880794),2
(40.708216, -73.761155),2
(40.700704, -73.789402),1
(40.749121, -73.915327),1
(40.767306, -73.990267),3
(40.652516, -73.930477),1
(40.795212, -73.944099),1
(40.717825, -73.940326),1
(40.558189, -74.15979),1
(40.855619, -73.914479),1
(40.678038, -73.974089),49
(40.73037, -73.861969),17
(40.841855, -73.937887),1
(40.732184, -73.986711),12
(40.570308, -74.109909),7
(40.741004, -73.921775),4
(40.633101, -73.963093),1
(40.592698, -73.924988),2
(40.672474, -73.89201),1
(40.729327, -73.798779),2
(40.690694, -73.970359),1
(40.697576, -73.795648),1
(40.781681, -73.825862),1
(40.752804, -73.872566),2
(40.829501, -73.937035),1
(40.674494, -73.878174),3
(40.861762, -73.911969),1
(40.739329, -73.75506),21
(40.821637, -73.861017),11
(40.74731, -73.983969),7
(40.770387, -73.828617),2
(40.781675, -73.827292),4
(40.782184, -73.980093),1
(40.639442, -73.934714),1
(40.576646, -74.094541),1
(40.734646, -73.99081),1
(40.627644, -74.028438),1
(40.637864, -73.958453),1
(40.674937, -73.762802),1
(40.660142, -73.833197),2
(40.713759, -73.769439),1
(40.820379, -73.940137),6
(40.750094, -74.003999),2
(40.714492, -73.997201),1
(40.671932, -73.979729),8
(40.679947, -73.978058),4
(40.675831, -73.836777),6
(40.594983, -73.763677),1
(40.823831, -73.868687),2
(40.673369, -73.765299),2
(40.702554, -74.012573),2
(40.633959, -73.984288),1
(40.681726, -73.930941),1
(40.704313, -73.986587),60
(40.659003, -73.831167),12
(40.549661, -74.165462),8
(40.714672, -73.954148),12
(40.612474, -74.175436),2
(40.668601, -73.873235),1
(40.798535, -73.970802),1
(40.714987, -73.832067),1
(40.760454, -73.915276),3
(40.851653, -73.828581),1
(40.662376, -73.836792),2
(40.651161, -73.961212),1
(40.848296, -73.931274),1
(40.669059, -73.759601),1
(40.654058, -73.921387),1
(40.80386, -73.954062),1
(40.678918, -73.7595),1
(40.643484, -73.948796),1
(40.827471, -73.829753),1
(40.624998, -73.962989),1
(40.603918, -73.756313),1
(40.733216, -73.989922),1
(40.737416, -73.992581),1
(40.730675, -73.992326),10
(40.851358, -73.851),4
(40.849167, -73.854945),2
(40.688309, -73.9884),6
(40.855714, -73.887884),1
(40.748342, -73.984643),1
(40.759204, -73.974599),3
(40.660254, -73.983806),4
(40.72893, -73.910218),1
(40.668057, -73.903963),3
(40.696202, -73.78889),7
(40.808612, -73.916306),6
(40.902318, -73.901606),1
(40.848218, -73.933291),1
(40.581055, -73.846167),1
(40.794876, -73.971631),3
(40.634395, -73.922703),1
(40.61485, -74.128719),1
(40.821896, -73.948254),1
(40.678522, -73.792887),1
(40.69496, -73.994872),1
(40.762471, -73.831681),40
(40.708356, -74.014814),20
(40.742219, -73.995182),1
(40.742696, -73.881622),4
(40.79854, -73.959678),2
(40.789428, -73.971178),2
(40.733374, -73.760595),3
(40.716169, -74.007446),7
(40.637207, -73.972927),1
(40.853991, -73.858538),2
(40.683358, -73.992738),1
(40.673831, -73.924669),1
(40.641522, -73.893029),1
(40.642286, -73.935183),1
(40.739452, -73.99222),1
(40.684062, -73.778692),1
(40.706449, -74.012761),2
(40.693376, -73.991886),1
(40.714096, -73.998719),1
(40.693416, -73.907655),7
(40.698252, -73.796165),1
(40.658001, -73.928111),1
(40.664696, -73.841249),5
(40.589877, -73.807675),3
(40.820563, -73.822407),1
(40.610178, -73.922908),1
(40.830756, -73.895634),1
(40.713094, -73.875816),2
(40.59013, -74.101844),1
(40.566964, -73.892169),1
(40.722755, -73.901283),1
(40.71391, -73.99197),1
(40.636403, -74.036772),1
(40.619035, -74.068717),1
(40.670067, -73.954132),1
(40.693903, -73.991129),10
(40.74458, -73.956448),51
(40.674374, -73.8791),11
(40.749705, -73.94029),1
(40.640944, -74.131894),3
(40.72392, -73.844979),1
(40.725195, -73.854922),11
(40.66564, -73.866403),1
(40.852442, -73.887109),1
(40.663193, -73.926552),2
(40.794311, -73.948979),1
(40.741052, -73.922926),1
(40.671144, -73.799301),1
(40.687571, -73.992633),1
(40.743859, -73.780107),1
(40.796628, -73.93806),2
(40.800143, -73.968075),4
(40.834605, -73.87487),1
(40.722133, -73.988964),3
(40.541757, -74.16278),1
(40.792036, -73.938317),3
(40.636734, -73.918406),2
(40.701876, -73.881597),1
(40.863983, -73.908658),1
(40.842334, -73.880404),1
(40.714879, -74.006345),1
(40.779602, -73.955519),1
(40.690828, -73.763907),1
(40.59126, -73.940108),1
(40.803101, -73.94622),1
(40.87357, -73.866141),1
(40.67257, -73.823183),1
(40.748518, -73.93779),10
(40.668951, -73.945027),2
(40.744244, -73.912204),6
(40.630566, -73.941615),1
(40.7606, -73.828758),4
(40.743523, -73.989073),1
(40.619357, -73.932745),2
(40.753574, -73.998838),2
(40.693046, -73.730103),1
(40.687628, -73.989868),1
(40.734652, -73.882408),1
(40.583862, -73.817161),1
(40.761169, -73.857714),1
(40.603191, -73.748937),1
(40.884022, -73.861574),1
(40.645077, -74.078934),1
(40.741089, -73.976836),1
(40.594089, -73.949338),6
(40.63972, -73.96026),1
(40.676995, -74.011014),2
(40.610396, -73.998995),1
(40.689861, -73.906647),5
(40.679367, -73.944766),1
(40.858578, -73.904498),1
(40.661964, -73.961606),1
(40.750981, -73.822806),1
(40.575041, -73.952531),3
(40.665615, -73.942561),1
(40.703375, -73.857606),1
(40.608631, -73.965036),3
(40.835492, -73.907805),4
(40.694199, -73.992124),13
(40.649359, -73.968489),1
(40.641411, -73.954357),3
(40.6931, -73.860553),1
(40.579818, -73.971942),15
(40.887716, -73.905175),4
(40.710207, -74.001125),29
(40.846964, -73.938461),5
(40.60753, -74.003083),12
(40.588961, -73.962404),1
(40.869441, -73.852178),1
(40.771381, -73.960373),4
(40.854474, -73.930498),1
(40.738412, -73.846767),1
(40.721937, -73.985321),2
(40.705359, -73.948755),1
(40.748938, -73.748485),153
(40.9056, -73.904463),18
(40.769003, -73.902741),1
(40.617109, -74.029965),38
(40.769158, -73.982429),2
(40.734921, -73.86245),1
(40.692028, -73.765057),2
(40.792277, -73.936532),9
(40.667227, -73.956326),2
(40.631476, -73.934023),6
(40.746308, -73.901876),12
(40.752953, -73.791988),1
(40.702044, -73.879451),4
(40.723533, -73.993834),3
(40.789117, -73.812578),2
(40.727204, -73.787255),3
(40.758577, -73.89235),1
(40.779222, -73.978975),1
(40.757286, -73.734048),1
(40.597916, -74.162449),1
(40.648337, -74.012667),1
(40.834913, -73.941074),1
(40.745293, -73.905216),1
(40.720437, -74.001014),3
(40.645197, -73.962257),1
(40.757519, -73.827755),14
(40.886429, -73.908277),3
(40.666636, -73.886901),2
(40.629116, -73.975124),3
(40.603393, -73.961571),2
(40.624884, -73.946526),3
(40.643612, -73.92657),4
(40.690018, -73.919036),1
(40.864107, -73.924595),2
(40.848179, -73.933208),3
(40.729534, -73.86074),1
(40.624104, -73.94536),4
(40.861283, -73.929081),1
(40.653354, -73.838421),1
(40.727866, -73.8921),1
(40.7175, -73.938891),1
(40.656177, -73.882575),1
(40.755907, -73.942952),1
(40.697365, -73.921379),1
(40.750017, -73.991345),15
(40.824671, -73.950268),3
(40.602448, -73.760665),10
(40.682889, -73.929036),4
(40.76485, -73.827974),1
(40.669536, -73.76488),2
(40.730005, -73.792503),3
(40.632609, -73.948026),2
(40.635951, -73.978137),10
(40.624656, -74.162413),5
(40.847305, -73.833797),4
(40.68152, -73.741554),4
(40.797688, -73.933436),3
(40.855188, -73.931061),1
(40.601049, -73.756061),1
(40.672086, -73.799691),1
(40.726333, -74.004661),7
(40.740166, -73.989492),8
(40.874317, -73.902631),7
(40.616809, -74.154193),2
(40.603596, -73.757092),1
(40.848461, -73.940303),2
(40.646185, -73.962469),1
(40.822283, -73.876733),1
(40.861629, -73.903098),1
(40.863664, -73.907437),1
(40.666277, -73.896392),4
(40.652025, -73.838089),7
(40.777808, -73.95765),4
(40.791417, -73.966165),4
(40.620233, -74.027286),2
(40.824563, -73.954163),1
(40.858133, -73.904057),2
(40.700847, -73.809977),1
(40.624908, -73.956249),1
(40.766513, -73.783418),1
(40.636881, -73.958493),9
(40.832477, -73.906248),1
(40.676082, -73.818848),3
(40.745743, -73.994435),3
(40.668655, -73.945842),4
(40.702194, -73.9406),3
(40.738626, -73.997694),1
(40.676389, -73.768472),1
(40.746777, -73.891698),1
(40.727134, -73.735077),1
(40.724368, -73.737661),1
(40.7059, -73.793739),1
(40.630877, -73.985665),2
(40.768188, -73.747466),2
(40.760027, -73.933029),1
(40.697309, -73.889816),1
(40.783978, -73.977731),1
(40.846331, -73.936596),1
