total number of rows in this file: 1298
6462461544,1
7183016351,1
6463155158,1
9294440180,1
2563489217,1
7636396593,1
2127885580,2
3474522099,1
7189415097,1
6177400427,1
7182530508,1
2128865672,1
6468676066,2
7188231771,1
7183733954,1
7188986973,1
2125051995,4
7187828300,1
7183870404,5
7183565050,1
7186421010,1
6463062126,1
7183780772,1
5858026492,1
9292497846,1
7188296372,2
7185275380,2
7188911110,1
7189965200,1
2124530214,3
9178090806,1
6464575438,1
7182726075,1
7199244940,1
6465768669,1
7185236868,2
2122348179,1
2125674353,1
7183792702,1
7188811758,1
7185658500,3
6462607090,1
7183457050,1
7185203787,1
7184674270,1
7184503466,1
9292823696,1
7187820589,1
7184015778,1
7185888200,1
7188479200,1
7182256750,6
3475020401,1
7189344294,1
7186542055,1
7187568400,1
7184982990,1
7183831940,1
2122535624,1
2126658699,1
7184774500,1
9175959339,1
7182922683,1
9177578636,1
9177456038,1
7184348670,1
9175837704,1
6462532300,1
2128600299,1
7183394747,1
6464423100,2
3479909566,1
7183891810,1
7187921800,1
2123741385,1
7274611236,3
7185491908,1
7183633133,1
7188845900,2
3476758075,1
6464303141,1
7188391133,1
2126309680,1
9174156547,1
2124731474,1
3475425889,1
7184755283,1
9292814020,1
7189045486,1
7184485936,1
7182537800,1
3472779869,1
7182923452,1
7184716677,1
7183774349,1
9176896248,1
7182071773,1
9179680013,1
7185961956,1
7184431903,1
7184564537,1
2126741740,13
9146930600,4
7187687100,1
6465297874,1
9178464764,1
7186576500,1
7185925757,12
3472473238,1
2128769716,1
7182375268,1
7187880666,3
2125983826,1
7185734081,1
7188346734,1
7189922057,2
7182676910,1
7187861550,1
7182365266,2
7188547430,1
7182352223,1
7188840700,5
9172824536,1
2127572026,1
2125036850,3
2128228300,6
6465328808,1
2127815500,6
7185836266,1
7187962559,1
3478539816,1
3474250676,1
7182008149,1
3347141223,1
7182363187,1
5166711253,7
2122830921,1
7187014055,1
6466605210,1
7182229561,1
2122260130,12
6468599117,1
7186276373,1
3476783803,1
7187280946,3
2122223882,1
7184012413,1
6464864444,1
9149974333,2
7185083040,8
6469575861,1
9174536287,1
3477448502,2
2127498500,1
6468546434,1
7189932789,6
7189788352,1
7185672365,1
7182861524,1
7189631212,2
7182821259,1
7185846310,1
6465679728,1
7184500805,1
7182979821,1
7186307047,2
7182302212,2
7185258899,1
7182636995,1
7182872600,19
7183049981,6
7188586782,2
7188210254,6
7183272840,1
3477993056,1
9175703561,1
7182729515,1
7183612341,1
9175317347,1
2122830012,1
7188026666,1
7186803530,1
7182170126,1
7185208197,1
9179524893,1
2129420043,6
2129235715,1
7184768449,4
9173373211,1
7183663800,1
7183871600,2
7184584600,1
9175667985,1
2128095935,1
7182861500,1
7182535557,1
3479483177,1
2125242389,1
6462929665,1
2125697790,1
7182716200,1
6784817776,1
3476994001,1
7184107743,1
7183990146,3
2122060574,1
7189333305,1
7184587259,1
7182251144,1
2128286055,1
7184713110,1
7184187690,3
7185586700,1
6464673151,1
7189902531,1
7184984513,1
2122811349,1
2123672366,2
7184546157,3
7184416050,2
3475288796,1
2127497015,1
7187480650,2
7182723949,1
9178829095,1
7187733551,8
7186217960,1
7189610344,1
6468599113,1
7184976090,15
7189878111,16
3475541079,1
2123624020,2
7189908596,2
9292443116,1
7188933484,1
7182318403,1
7185083174,1
3478046164,1
3478214227,1
9175667963,3
7187046568,1
7183357272,1
7185488200,1
7185845158,1
7183524157,1
2122735346,1
6465821200,1
2122260317,3
2125861144,1
7184854991,1
7185288238,1
7184684747,1
7184624244,1
9172578816,1
9179225494,1
3477257509,1
7184389500,2
9175762874,1
2129268000,1
2126664019,1
7185083192,1
7183371989,1
7184231232,1
9175390864,1
2129893620,1
7189966666,1
2126309647,1
9174741634,1
2127323656,1
2128528888,1
2126842700,2
7183934000,2
2128740860,3
3478552238,1
7182156950,1
3477680951,1
9735568119,2
7183283351,1
3475287847,1
3474178154,1
7188612982,1
7186422180,1
7182304825,1
7186382059,1
2129275600,2
2128736600,4
7187868167,1
7185842357,1
9176980829,1
7187279763,1
7189193600,1
7183977171,1
7185222613,2
3478614115,1
9179923771,1
6313122187,1
2125186987,1
2126739328,3
7185968789,2
7184787171,1
7183282811,1
7187269642,1
None,0
7186261500,1
7187208718,1
7187948229,2
7186261114,1
2123602740,1
7184476330,1
3476524028,1
7188893477,1
2122670499,1
2129627653,2
7189939355,1
7186991010,1
7183202066,2
2128228336,4
2124757160,1
2126309699,2
8457979692,1
7184343266,1
7183455665,1
6463457048,1
9178829258,1
7189816226,5
6469187570,1
7188925520,1
7188824000,19
6077452890,1
9176458525,1
3474178103,1
2129187710,1
7186281905,3
7186655250,7
7186272500,1
9292516626,1
9292858584,1
7183098712,1
7189311208,1
9173708289,1
2124173700,1
7185883004,1
7184755200,1
3477821953,1
9172045317,1
7034098646,1
2125317620,2
6469963306,1
9177511647,1
2126317300,1
2126629344,1
9175720733,1
6463793937,1
7183105608,1
7184956210,1
7189908661,3
9739915759,1
2128740300,1
2122892708,1
7183851110,1
9175657472,1
7182161700,1
7184276540,1
3475953398,1
7184272012,1
7182788700,2
7182571600,1
7182680895,1
9175929372,1
7188391100,1
9175212220,1
3479187842,1
3476238037,1
9292712183,1
3473569461,1
2128286298,1
6468599116,1
6462214114,1
7182706107,1
7184014891,1
6463954525,1
6462852554,2
7186538716,1
6466120417,1
7187734116,1
7183532253,1
9177578957,1
2125696200,3
7188990553,2
7183885454,5
7182711222,1
7182394358,2
9179572405,1
9176636314,2
9175653130,1
2128747272,1
2129968413,1
2128797400,1
7186933426,2
9175622018,1
3479307196,1
2127815700,1
2122735270,1
7186263035,1
7189818828,1
9173329747,1
7184138031,2
7186472800,6
7186761544,2
2129665460,1
7188828513,1
2125296445,3
2127661104,1
7189912447,1
3478503349,1
9178822920,1
7187168000,1
2127221608,1
7183270297,1
9174842081,1
3473183770,1
7185742319,1
2123601485,1
2124319026,1
7186334823,1
2123063883,1
7188061080,2
7184086328,1
7189437811,1
7185679311,1
7182895320,1
9176783704,1
7183813222,1
7182736808,1
6468612077,1
7186343044,1
2126653853,1
7184920409,1
9177578372,1
2129279233,1
7185565294,1
7185892230,2
6463958083,1
7187313114,1
7184665799,1
6468085890,1
2124600019,1
2129264465,1
7186228622,1
7185273776,1
7185642566,1
7186243475,2
2127498400,1
2127816580,1
7185381515,1
7184353804,1
7189610888,3
7184855240,2
7187678810,1
2129821633,2
7182764630,4
7188926090,1
7184293636,1
7183772900,10
9292853198,1
3474178167,1
3478840462,1
7182592828,2
6462014289,1
3479728278,1
6468320142,1
3475938369,1
7189906308,1
2128746633,1
6463161261,1
7186392000,2
6469829162,1
6463061205,1
9292460524,1
6466780446,1
7189693155,1
3476222220,1
7188938600,1
7189565945,1
2124738217,1
7183847083,1
2126135061,1
2122835475,1
6466305539,1
7187605231,1
2126309645,2
6462710301,1
7738515685,1
7187086897,1
9176794905,1
7186215360,1
7182300824,1
7185913377,1
2129792387,1
6462057783,1
2129423440,1
5163250374,1
2125812910,2
7186453111,1
7186716200,1
2675755268,1
7185888007,1
6462014251,1
3479722933,1
2127490900,2
2126251616,1
7186461118,1
7184530685,1
3473469676,1
7189824700,1
7187740362,1
3472902329,1
6465990357,1
3474049580,2
7189326916,1
3473568836,1
7189860126,1
9177171174,1
3475609121,1
7186204650,1
3479725432,1
2128408005,4
7185840876,1
3473461005,1
6462847124,1
2122811344,1
7187278481,1
9175385567,1
9177718952,1
3478914028,1
7184544957,1
3477563807,1
3474353287,1
7182970562,1
9172147233,2
7185628551,1
9175317166,1
2124277080,1
3476755090,1
6468744395,1
6462581818,1
9144731398,1
7184485757,1
7183131381,1
2122180506,1
7182253929,1
2125692880,4
7182042325,6
3476192111,1
7183889242,1
7183741658,1
7187354400,1
7183923405,1
2126903290,1
2123492770,2
6463954270,1
7183875967,1
8455614700,1
9179911260,1
2126743500,3
7188284518,1
9175754021,1
7183665365,1
7189436340,1
7186933825,1
2122657933,1
2127811113,3
7188220486,1
7183574903,1
7185916060,1
7188865777,1
7189344295,2
7185851254,1
3472587383,1
7188594897,2
7187737400,1
7186658400,1
7185262400,2
2128286000,1
3473667209,1
2129410041,3
9174825030,1
3474014977,1
2128762638,1
2127877710,1
2128614485,5
7188928600,1
9179694939,1
7182868305,1
3472971635,1
6464577574,1
7184562000,1
7189335300,1
2127609800,3
7184755287,1
9177171999,1
7189515015,20
2129122272,1
2122180316,1
6467723879,1
2123532010,1
6464691102,1
7189810502,1
7187986601,1
7184458176,1
9179664609,1
7189641180,1
7189750447,1
7185177942,1
7186255876,1
7188619084,1
9176054448,1
3475420519,1
7182923113,1
6463880293,1
2127412247,1
7184785502,2
2129912620,1
7186421500,1
7188510316,1
6463269710,1
2126664000,1
7186652280,1
7189515825,1
3474210754,1
7189045650,1
7182440670,1
7187226185,2
7189935146,1
3473183383,1
7183277091,1
7187029371,1
6467401642,1
7183587602,1
7183227101,1
7188200760,1
7186498160,1
7183316800,2
7184542385,1
7184546288,1
2126899500,2
5708720714,1
