total number of rows in this file: 945
11563,8
11236,12043
11205,7594
10309,5251
07711,1
10603,1
10801,4
11106,6324
483931022,1
07004,1
23462,1
07079,1
85064,1
95834,1
95402,1
23285-5015,1
11218,13489
55175-0848,3
11756-0215,2
10805,1
11795,1
14227,1
10452,20717
11510,2
02061-0296,1
73155,1
78228,1
10523,8
55439-2409,2
60678-1031,1
84130-0279,1
11600,1
18504,1
10512,1
47130,1
08754,1
11749,16
98057,5
11428,3788
11237,14342
17106,8
10710,3
02494,1
11737-9031,1
00174,1
21297-1602,1
11379,5719
11756,4
10803,52
11021,5
07627,1
79998-1540,1
07876,1
75063-3134,1
14217,1
60197-5235,2
08003,5
11364,4624
70006,1
94509,1
07307,2
14210,12
07670,2
35209-3120,1
11109,93
55125,1
27410,1
07002,2
78708,1
10703,1
92203,1
10012,8257
85004,3
11001,729
75091,2
64501,2
84130-0285,1
01845,2
10502,2
55438,2
11652,1
10039,4366
11238,13034
43216-3250,2
11385,18076
23260,1
61702-3517,4
30067,1
07340,1
14450,2
11590-8969,1
07086,3
50704-2635,1
21220,1
11427,3580
402901921,1
10530,1
12255,2
10010,5260
79998,6
11367,7175
10038,3047
32255,2
000000,4
10954,1
07305,4
11520,2
386555442,1
44139-3442,1
19101-3337,1
10009,10053
15250,1
60605,1
10709,1
10470,3603
11355,11000
10128,6347
02205,1
11797-9004,5
171060,1
48333-9223,1
75024,1
07054,1
56379,1
10464,1324
11239,622
01843,1
12533,1
11566,4
01842,1
75801,1
11695,8
29601,1
91309-8012,1
11501,1
33901,1
44113,2
11213,20298
07031,1
07058-2012,1
11787,1
14231-9016,1
11554,3
11518,1
11357,6081
12227,1
NA,56
10457,26067
43614,6
11802,1
10000,200
92815-1390,1
10475,2388
11214,14352
11226,34917
48090-2036,2
19462-0570,1
11224,5243
23219,1
07083,4
33329,1
19044,23
10552,2
07407,1
07301,1
20090,1
11414,4292
11221,22902
7247-0291,1
60076,1
32255-1268,1
17706,1
85731,1
35203,1
85001,1
FLORIDA,1
78682,2
10594-0209,2
11435,10296
90060,1
11714,1
14219,1
11231,6563
10011,10516
11004,2425
11590/5114,1
112230,1
None,0
75234,1
08055,1
17038,1
92108-2882,1
77094-8911,1
10549,2
78006-8202,1
19456,9
07024,2
07017,1
07375,1
11229,12982
10473,6582
10310,5328
02150,1
11230,17233
90630,1
10528,1
50309,1
14225,9
60168-4009,1
11216,17345
10305,7074
10014,8776
06510,1
10602-5055,1
33623-3381,1
07646,2
10280,537
11418,7215
60601,1
06490,1
11438,1
10706-7105,1
10463,12612
11023,2
11746,2
43218,3
33716,1
10462,14962
14623,3
14228,8
07650,4
11550,2
19886-5019,2
94524-4111,1
11242,1
10001,7333
07731,1
10455,8943
43233-1347,1
19886,2
11697,153
11735,26
11368,11630
11691,10672
19850-5450,1
23541,4
19047,3
10577-0900,1
11772-3518,1
11102,5389
55205,1
01544,1
08650-4903,1
32142-0032,1
11422,6025
30010-3747,1
11766-0402,2
03101-1514,1
11208,20679
60018-3307,1
67504,1
60656,3
08650,2
63042,1
75063-0044,1
28590,1
00,1
11204,12464
07201,6
10304,8574
11232,5994
46219-0309,1
10533,2
93721,1
74170,1
10601,3
ANONYMOUS,2
10460,16772
18773-9500,3
08091,1
160077,1
11757,1
46219,7
10303,4943
45040,2
1108,1
08735,1
19176-0101,1
07010,1
11429,5147
48034,1
10286,1
14231-9027,1
10458,28638
14305,1
30092,1
75006,4
M/A,1
11366,3262
11701,3
44139,2
75243,3
07039,3
63017,2
60917-5236,1
77056,1
19067,1
10472,17453
10468,23900
32211,1
31139,1
34025,1
84130-0715,1
10003,11753
11598,7
11207,24811
60630-2534,2
07110,1
14009,5
11362,2678
75266-0633,1
11577-2050,1
30009,3
55345-9001,1
46278,1
06901,1
33758-5630,1
11737-3515,1
10023,8883
07087,5
77072,2
19610-0768,1
02360,2
43231,6
13850,1
08824,1
61702-3427,6
11779,1
10451,9140
11378,7514
07632-2524,2
10040,14315
07090,1
11219,13391
11741,1
85302,1
01105,1
11725,1
85069,1
33610,1
11692,3570
30339,1
85040,1
30071,2
38016,1
14231,2
11240,1
14043,2
98206-2070,1
10400,1
11377,13790
07020,2
40031-8100,1
07095,1
60154,1
44146,1
60714,1
11735-3938,1
????,1
16368,1
11747-9001,1
14611,1
91360-2092,1
55439,12
14132-9097,1
11776,3
92683,1
11201,9765
10577,7
31146,1
92046-9046,3
80246,1
57117-5525,1
07101,1
11220,14940
53008,1
11111,4
100000,1
11572,3
10022,7068
07003,2
24022,1
11209,11769
11694,3410
11802-9060,2
43218-2623,1
20850-5775,1
08650-4929,1
11423,6636
11206,12664
94942-1341,1
07932,1
63006,1
32541,1
10002,12000
11581,7
98006,1
77272-2910,1
89119,2
19013-1510,1
10591,4
90049,1
11780,1
19040-3738,1
98021,1
90060-0578,1
43216/3250,1
00914,1
18966,1
02459,5
10116-2431,1
222222,1
10577-0800,1
10970,1
73135,1
32614-7023,1
11203,18072
11575,1
38184-0111,1
11222,8981
11771,1
30004,1
23320,1
90621,1
11219-0004,1
11743,1
07901,2
14221,2
07724,1
11373,12255
11003,5
11005,21
11433,8755
10454,5473
21093,2
38184,1
11784,2
10065,4972
11788-0154,1
07310,12
11735-0213,1
20108-1129,1
67102-3427,1
30353-0942,1
10456,21559
10035,6907
15561,1
11372,9758
11797-9001,1
48090,2
11223,12197
55426,4
79998-1127,2
103,1
55433,3
11565,1
-,1
11735-9100,1
UNKNOWN,3
11570,5
11553,12
11430,763
