9083038558,1
7187015758,1
2129733748,1
6317580474,1
7182596480,1
2123186000,1
2122718747,1
7185841576,1
8005257048,1
7186054301,1
8452659469,1
7327385152,1
3156891937,1
2126731800,1
7186366949,1
6315845650,1
7183673200,14
6178241000,1
8457989033,1
2125511600,1
2127669651,8
7186222744,1
6306848300,1
7188917734,1
6467471512,1
7184585415,1
2126209166,1
9149495151,1
7184272012,1
7182384517,1
9738829204,1
2124900666,2
7189607436,1
9734011872,1
2126523890,1
7039091289,1
3109969700,1
2126910950,1
2124512900,1
7189398687,1
9147366101,1
9174164307,1
2122244000,1
2126182573,1
7187655259,1
8456473660,1
9177215869,2
2128834900,1
6314341370,1
2819703255,1
7184068305,1
7184555565,1
5169449500,2
6174220075,1
6314994000,1
7182378919,1
2019635200,2
6469223637,1
7187561720,1
2129322388,2
2129075100,1
2125782211,1
9149379101,1
3459498066,1
7185901100,1
2125846171,1
5028994080,1
2124863000,1
7189753232,1
7188285388,1
7188795182,1
7185923096,1
2127143527,1
7187922545,1
2126946294,1
2126256630,1
9145930300,1
2484571200,1
7184840188,1
2128266970,1
6462539000,1
2157172777,1
8172801290,1
2123709269,1
7188034043,1
9176125567,1
7184895249,1
2125024191,1
9097848567,1
4158830122,1
5717304300,1
7322571889,1
2126072549,1
2126830044,1
8458711000,1
6466380565,1
3479712155,1
8885545022,1
7189807037,1
5172442034,1
7186930729,1
3477424189,1
9196788778,1
6464721900,3
2126196930,2
5168273181,1
7189416700,1
2126782416,1
7188431180,1
7189914833,1
2128783520,1
2128755858,1
7182733106,1
6319692600,1
2126483052,1
2124003700,1
2129267907,1
2129778495,1
7182224111,1
2128425714,1
2123679598,1
7188554445,1
5163289884,1
2022378282,1
2128674447,1
7184410166,1
3126648200,1
7036004000,1
2035718129,1
2123534744,1
9373952100,1
2126309680,1
2028337200,1
7184213083,1
2126784410,5
7177036651,1
9146674659,1
7187841427,1
6464678536,1
7187795437,1
7182346463,1
5166780700,1
2127445022,2
2124260065,1
6192394855,1
7186376194,1
7184866800,1
2128220681,1
9174591213,1
5167732703,1
7819389100,1
7189939464,1
8007880822,1
2124107482,1
2016413936,1
6466725200,1
2122583111,1
2124820620,1
5164666400,1
7184095502,1
9176670137,1
6312545577,1
8004260932,1
5087633737,1
7188580166,1
4084984060,1
6466049115,1
2126915919,1
7708829974,1
8459819772,1
9146810700,2
9174266766,1
3472260204,1
2026375600,1
7188339281,1
7187847490,1
7184430134,1
7184011511,1
2127540411,4
2123603255,2
5165670345,1
2155676100,2
9545248133,1
2124793305,1
5187839003,1
7188539800,1
6102170529,1
7185440036,1
5123010718,1
7186247200,1
9083551099,1
2127526124,1
2128767700,1
8015330777,1
5167817020,1
2123487170,1
2125826200,1
2123598511,1
2125630499,1
7184478358,1
7188932865,1
2124014895,1
2126346361,4
9294479100,1
7188030345,1
7188587813,2
2038690900,3
9172246415,1
7187475555,1
2126343304,1
7187632563,1
2019345005,1
7182374303,1
2122839180,1
7184368336,1
3105535090,1
7183578110,1
2127997000,1
7186875000,1
2124033510,1
7184570429,1
2528518858,1
7183567795,1
8007540491,1
7187723238,1
7185493200,1
2126872233,1
2122063305,1
2124989732,1
7187443800,1
7183229080,1
3479958417,1
3474895341,1
5187832665,1
9174430680,1
8668433715,1
9172549043,1
2015890700,1
2128431843,1
6622316872,1
6176988980,1
7733841212,1
2123551415,1
7182821217,1
3013403900,1
7183273287,1
7184015650,1
7187232224,1
2129862966,1
3129200500,1
2127223126,1
7184571017,1
2129621037,1
7326790813,1
7188933300,1
7186525358,1
9178030301,1
7188632300,1
6177237760,1
6465967117,1
7182378700,1
7182917400,1
2126324275,1
2124901135,1
7189838800,1
6467659637,1
7183436341,1
3053758005,1
3472361793,1
3239081400,1
6462102633,1
2126634067,1
8567221800,1
2126750500,1
2126193000,1
7183415945,1
8566867700,1
2489575600,1
2129937000,1
5184264600,1
9179234301,1
7183444410,1
5165760962,1
2033023301,1
7187280946,1
7186835600,1
2122660400,1
5168212000,5
7187299071,1
2126922000,1
7188434340,1
2124263360,1
2122281888,1
2128190099,1
2126951108,1
7188291661,1
2125153200,1
2129380001,1
2123109900,1
2122268247,1
2128606650,1
7185029427,1
6174921764,1
9726284100,1
7182317100,1
6147575000,1
6464725374,1
8007903652,1
6463807777,1
7188462190,1
7189871114,1
9175381104,1
9146742345,1
2127367385,1
2128077171,1
7188154878,1
5165682171,1
2123373800,1
9732675300,1
4103690000,1
7187212821,1
2122390220,1
7324444468,1
6468629396,1
7182577555,1
9728214000,1
9172501443,1
2122051444,1
2034422800,1
7189944988,1
3013247820,1
2129418788,1
6099243400,1
3472946354,1
3156577123,1
7182298330,1
3479560320,1
6467781441,1
5036716453,1
2127254423,1
6314687475,1
2126192250,1
9176702151,1
7184787361,1
2126162657,3
2127257646,1
7183540457,1
7182762700,1
4142264545,1
5162812200,1
7185919093,1
8047567600,1
5039446249,1
6782774210,1
6312426266,1
7185438688,2
2124775316,1
2122695550,1
7186415712,1
7188817900,1
3302522711,1
9733176050,1
2124713517,1
8017366354,1
4134437359,1
9142973000,1
7186949400,1
7182355700,1
4122434942,1
2123077420,1
7184977592,1
2126770777,1
2129965520,1
3472312722,1
8622259300,1
9144238844,1
3475999594,1
7166343780,1
7183276247,1
2145967600,1
3474624000,1
7182859132,1
2126352770,1
5164146737,1
9147778292,1
8129419990,1
8452901927,1
2402359974,1
8002317414,1
2125772523,1
2126299710,2
2124060030,2
3474468521,1
5164420550,1
2023707452,1
7184026872,1
2128890808,1
7187209233,1
7185672011,1
2127661805,1
2125841700,1
2126432840,1
6157251000,1
7182701011,1
6466985100,1
2126080333,1
6516836366,1
7187925858,1
8456386269,1
7182103080,1
2129666640,1
2125989247,1
2127519147,1
2124447342,1
2122258264,1
2124332829,1
6179399900,1
6466938850,1
7183376000,1
7183921314,1
8005332143,1
2122349262,1
6464677394,1
4048759211,1
6319813990,1
5194323550,1
4048902285,1
7183690303,1
2128894216,1
7322232225,1
2129454866,1
7189319500,1
7184015700,1
2125299929,1
2125675800,1
2124772265,3
4155123480,1
2129648367,1
7185844400,1
2026247922,1
5165354900,1
9143093135,1
2122558400,1
3109540444,2
3013060774,1
7188923234,1
2126347262,1
9146827800,1
2122041328,1
7189431340,1
2129999056,1
5184655551,1
7185678200,1
9176174955,1
7182968888,1
3193396548,1
7184637700,1
9143452800,1
7188536733,1
7183427722,1
2125287350,1
7188479800,1
7182721222,1
8002604754,1
9147622340,1
3125839956,1
5708814261,1
5188777101,1
7188847676,15
9144758900,1
7188320018,1
2125013100,1
7186170264,1
7183261070,1
2127295400,1
6464529665,1
7187262500,1
9147291500,1
2126848282,1
7183223154,1
9175936141,1
7184767888,1
2129474945,1
2127260777,1
8008081113,1
2126012766,1
8453584500,1
7133541900,1
7182472100,1
7188213433,1
2129693001,1
2126955465,1
2125717400,1
2124862000,1
2126671599,1
7418918090,1
7186271483,1
7189825944,1
5184347400,1
3109966000,1
8669938622,1
7183282868,1
9174441084,1
2122851725,1
6464700430,1
3475334845,1
8452687500,1
7187864252,1
2125481200,1
9174265586,1
2126346362,1
2126774772,2
7187291997,1
7183783400,1
2125751055,1
2126072000,1
2124227099,1
2128319220,1
7186737888,1
8004421142,1
7188235988,2
7182415011,1
2126075696,1
8007908114,1
5123067400,1
7182693606,1
2125989010,1
6318450400,1
2129212300,1
5037842932,1
2129494000,1
6315857800,1
2038101000,1
5188861076,1
7812506600,1
2122071999,4
7182676800,1
5162489777,1
7187297200,1
7184605256,1
7183229671,1
2129060700,1
2125843650,1
3123858320,1
2124311551,1
2126492000,1
7185192726,1
2122864471,1
7182769538,1
2125637300,1
2128680900,1
6465204320,1
2125820833,1
8007755191,1
7188863310,1
8008260777,1
7185149055,1
7187285400,1
9175350612,1
7189915500,1
5012697080,1
7183760658,1
8572847570,1
9084193755,1
7183105607,1
6465727300,1
6463744753,1
6783193240,1
2122322025,1
5163193760,1
2013320200,1
3479554783,1
6788191991,1
2123722000,2
5185125167,1
3024255177,1
2122543070,1
2126471092,1
8455030229,1
7183781330,1
2123660425,1
3128537000,1
2127360770,1
2126455110,3
7185483800,1
7322221250,1
2126871234,1
2024636710,1
7185852540,1
7185438200,2
7183698211,1
5109862125,1
6106879202,2
4138638288X118,1
7182204200,1
7189932400,1
2122199401,1
2424211117,1
2122472660,1
9147696333,1
2124735940,2
7188211477,1
9089050204,1
7183227458,1
7184260123,1
2125052025,1
9147768185,1
7188327371,1
7035561327,1
7188869500,1
8553132687,1
7187776800,1
7185700909,1
2126973188,1
6314957599,1
7183288180,1
9148430407,2
2128269700,1
91476087763,1
5184567712,1
6466253474,1
3126025176,1
7185456700,1
2129914545,2
7185295919,1
2122621220,5
7182467000,1
5184075800,1
2125834000,1
2127609600,1
7187775766,1
2127412800,1
7187671100,1
2128151550,1
7185252355,1
4803688555,1
2123899382,1
7322510261,1
7183367148,1
5163342400,1
2127365100,1
2122272831,1
7037520610,2
5187811861,1
6177473188,1
2125647656,1
7187680528,1
2129268000,1
5616910050,1
7185655311,1
9173187041,1
9146684002,1
5165769494,1
7188589193,1
8285755592,1
5166818000,1
7185919574,1
7188490102,1
6175933156,1
3472419870,1
2128641414,1
7188211200,1
2122262143,2
2126599011,1
6315875060,2
2128668121,1
6469021742,1
9146824331,1
2127272700,1
2123341300,1
2123430708,1
2125835039,1
9492614900,1
2122971600,1
6103750990,1
7187287820,1
8452781990,1
2127614000,1
7185131262,1
8454961833,1
2126850900,2
2122527070,1
7189192100,1
2129026517,1
5854196595,1
3034143555,1
3479608334,1
7183027500,1
7183993310,1
7188216200,1
2127733000,1
4258893400,1
6465656000,1
9735394400,1
8453196349,1
9176873143,1
5163641345,1
2129721400,1
2122790708,1
9176018950,1
7187869338,1
3474452920,1
2037722294 X26,1
2128621399,11
2124658100,3
9142614141,1
2124191146,1
7188581600,2
7187454509,1
5166050833,1
6176144321,1
2125083300,1
2122067818,1
7183221154,1
2018450019,1
7182927726,1
7182999472,1
7187886363,1
3472731332,1
2128494792,1
2127509320,1
2129577024,1
2128387442,1
7184281617,1
8002327600,1
7188487440,1
2127098075,1
7812135030,1
7187298686,1
2124535360,1
2123881010,1
6317777070,1
7184422929,1
7186345260,1
7189841500,1
2122562559,1
6318151900,1
4042531300,1
9175575078,1
4432505491,1
9178171090,1
2127925330,1
2129742844,1
8006211115,1
2129910001,7
9172147233,1
4157770188,1
2126258700,1
2122443960,1
9737271574,1
7182683017,1
3106644000,1
7186278758,1
2122851800,1
7183453636,1
2158146400,1
7189394594,1
3474143680,1
8003530103,1
6467577000,1
7814191515,1
2534392305,1
5184568671,1
7185047355,1
2122604878,1
7184381100,1
7186466272,1
2487999000,1
6465410815,1
9145760193,1
2123982977,1
2129671644,1
8885222787,1
7703902700,1
2128789490,1
6468229323,2
7186313153,1
7184785330,1
7184485554,1
7183494700,1
2129477780,1
2126448500,1
7185184176,1
2126049593,1
2122424438,1
9144799705,1
2123045116,1
7038182130,1
6464126000,1
9294508870,1
7182058796,1
2122200624,1
7182360892,1
7183724665,1
7188524906,1
6463703689,1
7187387500,1
2127546700,1
2125795525,1
7184717881,1
2125192520,1
9376738025,1
7183435074,1
3125735300,1
7183987869,1
4155972000,1
2017081660,1
7327476995,1
2125249700,1
8586589060,1
9178468289,1
2124974100,1
2023869767,1
7189393870,1
2124013587,1
6144860221,1
6463797039,1
6175162700,1
6788301000,1
7189535555,1
7183563006,1
2159635000,1
2126430225,1
3103970070,1
6467902801,1
6099217955,1
8005526262,1
7185895819,1
7188282666,1
7184422225,1
8587687159,1
2126250100,1
2126272227,1
9173450005,1
8457944200,1
2126517427,1
2125397000,4
6177969195,1
2128733400,1
2124840040,1
9147650984,1
6316480209,1
7185222613,4
2122692091,1
2124211300,2
7188227377,1
2125738791,1
2123918045,2
7189812774,1
7183875055,1
8005718198,1
7812390700,1
2124184200,1
7187686065,1
2126637375,1
6314622226,1
2123712277,1
6314915252,1
2126271076,1
9179125471,1
8164721201,1
7187072600,2
9198503100,1
6464097316,1
7187770311,1
8775780215,1
7188283900,1
6468494283,2
5102879720,1
5082482741,1
7186222000,1
6469518064,1
9512962500,1
2126086600,1
7184821153,1
2124221200,1
2124614330,1
2129331834,1
7187059933,1
2126132000,1
7188571393,1
2123012770,1
7184481544,2
2022444700,1
3479204310,1
5073137206,1
6469794100,1
2124377373,2
7187611858,1
2126049552,1
7182518060,1
7188340770,1
7184454010,1
6464720266,1
2127993100,1
7184972908,1
2124211117,5
2127353000,1
2122245540,1
6148022440,1
3477317263,1
3472729881,1
9173883389,1
7045584085,2
7182682500,1
8474472236,1
2129041200,1
2122482935,1
2125601313,1
5167492792,1
8005277404,1
7182732951,1
8454732106,1
3473350044,1
6465186300,1
8453582100,1
2019472494,1
6466539329,1
7187439009,1
2127687676,1
8014078400,2
7189906276,1
2125049293,1
2124266317,3
9178870275,1
7323207478,1
8005415156,1
6316567600,2
6464283280,1
2124190568,1
7182525090,1
7187598432,1
2123661919,1
6195635348,1
7187803000,1
7188843950,1
2013374996,1
3475647374,1
2123604224,1
7186571803,1
2129947116,1
9739830880,1
2128320765,1
2123492900,1
2129403000,1
7189249538,1
8003318118,1
5169781347,1
5163500185,1
9144208209,1
3102014100,3
2127692710,1
2125099797,1
6467908254,1
2123218110,1
7182417777,1
7182743551,1
2125057570,1
2127609002,1
7189450393,1
4047208800,1
8008998741,1
2128323232,1
7186414700,1
8452675300,1
7188872928,1
2122200660,1
2125865700,1
9178084800,1
6317569500,1
2038636002,1
2124142300,1
2129811200,1
2123496009,1
5165269984,1
2129472929,1
9175248187,1
2027146124,1
8454714014,1
2126852910,1
3472898999,1
7188758160,18
7182321936,1
6467765675,1
6314877303,1
7182787900,1
2012220006,1
2129058921,1
4067280893,1
2125995627,1
7183361480,1
7188940016,1
2129240002,1
6314792427,1
2128628299,1
2129419399,1
7184612600,1
2036470229,1
2012906728,1
6789908001,1
8668455500,1
2129040404,1
7186426800,1
8004306053,1
2126961481,1
2122203934,1
9099315012,1
9179339875,1
5136195330,1
7143781109,1
5184668287,1
2126919740,1
2125712664,1
7187826400,1
7185991105,1
8457326713,1
9179125231,2
7187527363,1
9087257800,1
5705781152,1
7183316800,1
2156041330,1
7185740058,1
2126899500,1
3129177868,1
2032546800,1
2123685141,1
2124780890,1
2125848981,3
3124569682,1
7182683444,1
7187298957,1
2128608170,1
5105235800,1
7182367616,1
7186651234,1
7185270123,1
7182877300,1
3477439257,1
9292418567,1
9738384273,1
7184561307,1
6313707838,1
4156775333,1
5167309303,1
3606747161,1
2127159375,1
7183329304,1
2127272424,1
2122279452,1
2019413040,1
5856432111,1
9087259000,1
7182549048,1
7186314804,1
6312711507,1
2125879690,1
7189962000,1
2018361575,4
7187979844,1
3472762339,1
2127109650,1
2024541100,1
2128674466,1
9017615561,1
6313666200,1
7183226242,1
7185224696,1
7188584800,1
6464423169,1
7184391600,1
3154223512,1
2126890639,1
2127983400,1
2127762000,1
6092529300,1
7163725300,1
9733340003,1
7184240663,1
8476356550,1
9146999500,1
2125632565,1
9176126793,1
7574525362,1
5163711130,1
9493655792,1
7183637253,1
5164337454,1
9172258562,1
7187281969,1
800 336 3762 X2030,1
8337472677,1
6099219000,1
8002886016,1
7184239550,1
3122543300,3
9165248651,1
2125315385,1
2126822025,7
9147332293,1
7184546460,1
3479270167,1
7187734116,6
3472403262,1
2123918100,1
2124101060,1
7182526333,1
7322126345,1
7184935285,1
2015539800,1
7184611103,2
3477027155,1
2124109080,1
2128892525,1
7183217929,1
5164666655,1
9179034805,1
7186244900,1
6465182486,1
2127962763,1
9087538080,1
6313510505,1
6468617588,1
9734071000,1
5163054385,1
7186428724,1
7329466000,1
2014446500,1
2122440795,1
9086680099,1
4153968000,1
2125320544,1
2023035028,1
7329024700,1
9732840222,1
7185647504,1
2108214105,2
2123342050,1
4102291906,1
3477861458,1
2127669200,2
9173590725,1
6469326451,1
5168297300,2
9177209701,1
3717559,1
3016467537,1
6509309710,1
7188029540,2
2039291339,1
7188321075,1
9738827081,1
7184179000,1
8884518916,1
2155671100,1
7182439400,1
2127150300,4
2129914548,2
6467522621,1
7189967200,1
7186476776,1
2123684471,1
7186317283,1
2122556470,1
7326061529,1
6095868811,1
2123761316,2
8002458459,1
3059898875,1
2158981776,1
6465238783,1
8002941178,1
7183928860,1
7188713770,1
3476404757,1
3472199034,1
2126457414,1
9147719593,1
2124795400,1
7185288238,1
7323907100,1
7184360222,1
7186393945,1
2126870154,1
7189988437,1
2129822020,1
2124008204,1
7182610211,1
2122948301,1
7182840213,1
2122138833,1
6466387238,1
7189075936,1
7182366363,1
2125646880,1
2123599000,1
2126298380,1
9162313900,1
8185451152,1
7182540700,1
7328855555,1
7183611700,1
2122288210,1
9178615417,4
2126085100,1
6464499058,1
7184927990,1
7182535364,1
4102248770,1
7184187690,1
2125665372,1
5168032300,1
6174287100,1
8772581225,1
2028876726,1
7573511257,1
6463560500,1
4106437810,1
2123278000,1
7183853133,1
2125269970,3
2104812995,1
6467361716,1
9179600250,1
2127163500,1
2124711000,1
7187281754,2
2125634000,1
2127221608,2
7184748807,1
7325609700,1
2126641806,1
2024087514,1
5162086996,1
7182363000,1
5167474200,1
7184855003,1
7187404455,1
2033013400,1
7187610900,1
8006676389,1
2126165205,1
2126340910,1
8457586822,1
3102842267,1
3473634158,1
2127815700,1
2485222529,1
2819278498,1
3474394393,1
7187482049,1
2122265000,1
2128864060,2
5032996000,1
8455345959,1
7187896060,1
7188517150,1
2129440444,1
2129966456,1
7182955605,1
2027167118,1
2122458100,1
8452586541,1
7186228239,1
7183565100,1
7184947422,1
7189238500,1
7188463119,1
2122900290,1
7183969739,1
2122679020,1
9738026000,2
3104513051,1
9174685353,1
7186438201,1
7183394747,1
2129826492,1
7188029010,1
8006459145,1
2128691500,1
7182751422,1
7186655250,1
2126240550,1
7184334724,1
8888681776,1
2127696600,1
7186930500,1
7188845900,1
8007353362,1
7185450958,1
9736729400,1
2017359222,1
2122192373,1
7186722424,1
7185270606,1
7186394888,1
6179017661,1
7186511342,1
4012924740,2
7182100036,1
2129801000,1
5169677839,1
2126322000,1
7187389038,1
9174085349,1
7188637619,1
2125329220,1
7183608100,2
2126605720,1
2122798678,1
2158548181,1
7184364580,1
6126781762,1
2129353960,1
7182200206,1
7186466738,1
2124213535,1
3103930411,1
8603317096,1
6312447120,1
7187085884,1
2126916500,1
2128724040,1
2129264871,1
7184422112,1
9176170502,1
7189861136,1
2124539500,1
7184477311,1
6464772662,1
2123537349,1
2129910003,1
3472828711,1
2125803434,1
9172245057,1
5184528611,1
7083182500,1
2126820497,1
2674574600,1
2122310099,1
3172365888,1
7182296400,1
7182676900,1
7183759485,1
9292100202,1
7188555620,10
3317773233,1
2066828469,1
6517718883,1
7184053400,1
3102862929,1
2129246320,1
2127954779,3
2122823000,1
2022665600,1
2018718600,1
7032276000,1
9734371000,1
5165066725,1
2146611290,1
2122394455,1
2122650735,1
2124330804,1
2127722066,1
2129968413,1
7183967479,1
2126144780,1
2034228000,1
2123097570,1
2127296325,1
2125940707,1
2128345173,1
2126843365,1
2123121600,1
8773357589,1
6463584972,1
7188157598,1
2128286046,1
6312343000,1
8665890690,1
7187466107,1
6466707123,1
9143244444,1
7188015465,1
7186474924,1
8669770901,1
6467842122,1
9179511500,1
2123671539,1
6175128932,1
2126297939,1
5163678300,1
9177330439,1
2124211000,1
7188882247,1
2122437070,1
5168771850,1
7188233588,1
7189958520,1
7184565000,1
2125642350,1
7182826944,1
5163644140,1
5169210800,4
2122422949,1
2019337809,1
2149890800,1
6317775170,1
5169358780,1
2128752344,1
2123492154,1
3038983266,1
7184798522,1
7183023500,1
7188572830,1
8006347656,1
2127210208,1
9176289226,1
2122955036,1
2129646611,1
2127867367,1
7187867788,1
7183131401,1
7184475200,1
9174751847,1
2128896405,1
7186652575,1
5137088735,1
2126616166,1
2129510170,1
7188980500,1
5165066000,1
9146364000,1
6467104840,1
7188801258,1
5165055200,1
7187435511,1
3477709601,1
2028226222,1
7188617771,1
8006460796,1
6155655000,1
9177443976,1
3124487833,1
2126524500,1
2126849230,2
7184387771,1
7186559164,1
7187972626,3
2123794977,1
5184476720,1
7189451500,1
2122481111,1
7189412177,1
9146988808,1
7184682500,1
7186488786,1
2124973814,1
4439971922,1
7184671414,1
5184327835,1
9175777833,1
7183503143,1
7182223400,1
2126956670,1
7187403068,1
7186251608,1
5184524222,1
7183024073,1
6314744120,1
2129200624,1
2017701120,1
9083532600,1
2129291525,1
2126755560,1
8572281497,1
2129640707,2
7183516102,1
2129798381,1
7187157150,5
2124512300,1
7035322008,1
7186496977,1
7182260258,1
7187532382,1
2129420043,1
8005581010,1
7187480650,1
2124331239,1
2122895020,1
3475484024,1
3472409900,1
8005264677,1
7185896225,2
6317772280,1
7185221071,1
2126989400,1
5165057778,1
5184329220,1
7189230987,1
7189932940,2
7187828181,1
3122142142,1
7188335929,1
7186471014,1
7184820909,1
2123350004,1
6467431319,1
9177746539,1
3478860019,1
6466058652,1
9492716700,1
8665327680,1
2128227222,1
7184088755,1
6464431313,1
8662252634,1
7703520151,1
6469297870,1
6177863000,3
7189283700,1
9144978445,1
7182870010,1
7078490741,1
7183867900,1
2128133700,1
7182642600,1
3474805450,1
7325725400,1
2125813044,1
7189820200,1
7187354400,1
7182876200,1
9089536000,1
6095301055,1
7188427466,1
7187945317,1
2128705013,1
2126449880,1
2126455005,1
9175453309,1
2122747222,1
7189312473,1
6177427825,1
9174607191,1
7187600686,1
9175130399,1
7326234555,1
2122130221,1
8008994766,1
9175617447,1
7184776803,2
2129827800,1
5162971534,1
21271260,1
6464342847,1
8454636900,1
6467868100,1
7182300492,1
2122094400,1
2126470700,3
7186458900,1
5105888703,1
5164590976,1
2124775500,1
5184599500,1
73991900,1
2129442000,2
2125835963,1
4073839316,1
9172886909,1
2127661104,1
3474661034,1
2122130662,1
7188018050,1
8453593400,1
9733179000,1
7189359848,1
2126754659,1
7184445800,1
3033982929,1
2129912620,1
8454571137,1
9174858470,1
8006342085,2
7325451018,1
9173623071,1
2125948070,1
6165602652,1
7183475370,1
7322271772,1
9142488900,1
5165942000,1
9172735921,1
2125717260,6
9176973802,1
2532886095,1
2127600755,1
2126780037,4
2123918664,1
7184173770,1
7185287174,1
2126131220,1
6315492151,1
7185262600,1
2122343496,1
7184661604,1
2122066967,1
2123271533,1
7188863800,1
7185670229,1
9082989144,1
2128832536,1
7183275300,1
7189661406,1
2013687752,1
9097932853,1
2023440917,1
9178813598,2
2122989300,1
2124901300,1
7187737200,1
7187350200,1
2122223882,1
2129449112,1
8455744225,1
5168331333,1
2018040911,1
7186438000,1
7185422727,1
2017987100,1
5163694900,1
2123985700,1
5125139169,1
3123325870,1
7189396060,1
9722652456,1
6465314899,1
5168805599,1
2129164812,2
7183513005,1
8008849445,1
7187814212,1
7186223300,1
2123936500,1
7188575630,1
6465054434,1
8457210284,1
2127714531,1
2126786037,1
9174264002,1
8885275268,1
7188945145,1
7186053543,1
8008094566,1
9173889087,1
2128673060,1
9173104835,1
7185938901,1
6467598080,1
2128765500,1
2126145772,1
2127418090,1
7187871125,1
8003595991,1
2129939420,1
9087223330,1
7186422180,1
7188317979,1
7183668721,1
8665469291,1
5612881101,1
9178160813,1
6468938380,1
7185029455,1
2029399780,1
2125630400,1
7187168000,1
8706460422,1
7189653100,1
6465171060,1
2124922746,1
2126865522,1
2127461462,1
7185398467,1
7189514240,1
7182245440,1
2125946230,1
2128035100,1
2125323200,1
7187521919,1
2126776380,1
2125454014,1
2127035200,1
2124755609,1
7183244200,1
9545209347,1
8479852060,1
6465764026,1
2123853574,1
2124840050,1
7036597328,1
7188160533,1
6312865050,1
7184694679,1
2127727550,3
6462844033,1
2012891084,1
6103639090,1
7184426112,1
4106124000,1
2103698000,1
2123525160,1
7184188232,2
7188429361,1
2126434545,1
7183361300,1
8455730900,1
8663617611,1
7146738627,1
7328889300,1
6466411779,1
9149649654,1
2124736485,1
8164640508,1
7184941600,1
7187068500,3
7187844800,1
7182927070,1
7183919200,1
2125618730,1
2128832800,1
7184510703,1
7188651809,1
2128352000,1
6176726000,1
2818775800,1
2128963000,1
7186017399,1
7187296055,1
2122532727,1
2126160420,1
3473980094,1
2017458544,1
5165049546,1
7185252800,1
4804437000,1
2129512662,1
5187277129,1
7182535343,1
7183493229,1
6174912656,1
9739400040,1
7185221900,1
7186202824,1
2126790404,1
7328150220,1
2129204115,1
2026693585,1
2128276940,1
5184321400,1
8004455588,1
2127928800,1
7187205522,2
2127495572,1
7188801888,1
7189721800,4
7323550004,1
7187621218,1
7188369800,1
7188916100,1
8178714000,1
3475338933,1
3159345383,1
2123626710,1
7184820202,1
9143918900,1
3109168282,1
5164824820,3
7184393323,1
7183218862,1
4108752673,1
2127081083,1
7187481155,2
8002231204,1
6464423600,1
7185590516,1
6158726234,1
9032430481,1
2128972674,1
8009753250,1
4794980500,1
2123623662,1
2123796988,1
6788942177,1
7182794251,1
3474178198,1
7182304186,1
2129247000,1
9734768393,1
7184631200,2
3473350169,1
8568317909,1
9737260820,1
9146545000,1
2129374971,1
4843292319,1
3472597131,1
3472492249,1
2128151050,1
6467313206,1
2122060630,1
7188156807,1
2126161800,1
2019861716,1
7182381795,1
7188213111,1
9173617070,1
7187921800,1
8003363375,1
7188232393,1
2123018303,1
2126921000,1
2122340070,1
2125668120,1
2483905675,1
7182413000,1
7188368096,1
2123986565,1
2122668571,2
7187821306,1
6318644264,1
2126992534,1
2122788300,1
7185912434,1
2673868643,2
2126186990,1
7187868091,1
6462849605,1
7184611800,1
7189657300,1
2012362672,1
2122881450,1
2125051133,1
5185277676,1
5618337222,2
7183899044,1
7183045241,1
8004425444,1
7188992801,1
5188100222,1
2129664510,1
7186206007,1
2155753700,1
7186475100,2
5164666464,4
6176921150,1
2122222552,1
2025464242,1
8452320510,1
7184299212,1
7188435400,1
7184545464,1
2122285000,1
3016761125,1
2129260104,1
7188150625,1
5165647710,1
9176699331,1
2136133333,1
7187478776,1
2124776151,1
7732565141,1
2064862914,1
8605278236,1
7182788700,1
2125415996,1
2124172520,6
2128084000,3
8013775071,1
7184425350,1
5162947985,1
9737317002,1
7183573399,1
5162481700,1
2159865000,1
7183925600,2
7188528470,1
2126097235,1
7188862800,2
7189397200,1
7185491525,1
7184052349,1
2122269600,1
7182381666,1
8884227233,1
8602976463,1
5163550168,1
2128731965,1
9145917300,1
9733974800,1
7187406800,1
3105510101,1
8004586589,1
9134511178,1
2125323100,1
8655602937,1
7188424471,1
2125646646,1
9734797724,1
2122881877,1
7182588630,1
7185651525,1
8849320150,1
7188719698,1
2126035554,1
7184603801,1
5166867737,1
3015145133,1
2123367328,1
4843511400,1
2126089661,1
9178433621,1
6312369637,1
7184944499,1
2015745599,1
2122467100,1
2127037137,1
7187865555,1
8477592447,1
9529843774,1
9146321985,1
2127992365,3
7185518452,1
6469086819,2
9175071500,1
2127364433,1
7187383300,1
7185677599,1
7182824000,1
2126040124,1
7182188112,1
6464590584,1
7188220599,1
2129959446,1
7187829000,1
2129611521,1
7186333946,1
2013936111,1
9176838997,1
5106556200,1
2036211700,1
9173199932,1
2124311195,1
2026211910,1
2394352200,1
5106651700,1
2126890087,1
5854545050,1
2126332500,1
6463888283,1
7166568890,1
3478209225,1
2126140023,1
2125637400,1
9178229991,1
2125578134,1
2122336037,2
7158232141,1
9172706528,1
7186765920,1
4142981000,1
4076501658,1
2023707454,1
5083513693,1
2128577350,1
2128567609,1
7185837017,1
3474532502,1
2128614400,1
7187964724,1
7183701114,1
2126776668,4
9172547987,1
5162807589,1
7184665799,1
7188402695,1
2035694000,1
7188284400,1
2129275600,1
4156153136,1
5169838877,1
6312342400,1
9087048843,1
7182772003,1
6314256600,1
2123858585,1
2124103153,1
2026549900,1
5129700745,1
7187271135,1
2129089200,1
2127163560,1
7735061900,1
6312434706,1
5134534848,1
3154224430,1
5182224939,1
7187841300,1
5169847302,1
6033243000,1
7188751190,1
6509964218,1
9176205732,1
5852235922,1
2125320333,1
7186707900,1
8005213984,1
9174709945,1
2129473897,1
2129627559,1
2125055270,3
2128834159,1
2124009292,9
7188120426,1
7184028979,1
2127199393,1
6318644242,2
7188539853,1
2125301150,1
9147299818,1
5184590600,1
2125492500,1
7188588663,1
2023318055,1
2127598566,1
2127891166,1
2154196687,1
7189670494,1
7187790711,1
7185258555,1
7183921800,1
6469985840,1
9734027802,1
2157321177,1
8005996636,1
3477757750,1
6462638785,1
4153568000,1
9177799709,1
7325638441,1
8004456647,1
2128710933,1
3475600139,1
2123075500,1
7184806444,1
7187269890,1
5163216103,1
2129842900,1
2122467717,1
3154662444,1
2126959500,2
2127224745,1
7184784420,1
2126430680,1
7173336407,1
9294001203,1
7189659207,1
6463411135,1
6312491872,1
7185255500,1
9733950775,1
2127501808,1
2127102323,1
2128604053,1
3476951920,1
2125031385,1
7188331900,1
7185968789,1
7184017300,1
2035275747,1
4083216300,1
2122337195,1
7187350400,1
2122223427,1
2122147739,1
7184291648,1
2127557996,1
2128685180,1
2125291545,1
7184023600,1
7182827200,1
5165390150,1
8453652240,1
3478669817,1
4133298373,1
2129982955,1
9176505034,1
2035625811,1
2129627653,2
9043602000,1
9177233631,1
7187431841,1
2128570049,1
8008084239,1
7187973381,1
5164370900,3
2126195000,1
7182500336,1
6467421465,1
6464299160,1
5165933127,1
5136216787,1
3107859755,1
2122341215,1
2129739500,1
2122576600,3
8008952804,1
2128124923,1
2127575800 X220,1
2127988500,1
2129268089,1
2128678491,1
2126580277,1
8008074080,1
8004475286,1
9145918200,1
8316002200,1
9735694700,1
2128830680,1
2124964304,3
2125820340,1
2125995555,1
7184491665,1
7187402400,1
8004353942,1
7182607010,1
2126956134,1
2029578232,1
8002557417,1
2125636760,1
8883714718,1
3473661397,1
2123216800,1
7184399387,1
2125376318,1
7186523288,1
5012187206,1
2039777569,1
8454961600,1
7182880719,1
7187847447,1
7704811600,1
2126390100,1
2127773240,1
7184357585,1
6104318635,1
2126317384,1
7186217818,1
2013454647,1
9178808980,1
7186778453,1
7183835500,1
2122537820,2
7172327580,1
2126633036,1
2123377450,1
2122811650,1
7183732234,1
2126262664,1
2127681560,1
6467017826,1
7182062000,1
7186587066,1
6467476194,1
9149490512,1
7187396200,1
2122697308,1
9734835480,1
7188170850,1
8009332723,1
7188337700,1
8004504050,1
2122604475,1
2129237600,1
9173017286,1
2127227103,1
6466062025,1
6175236565,1
3476958321,1
2126084811,1
7186760080,1
2127777215,1
7029682474,2
2127412323,1
9726618100,1
6509311500,1
6465222168,1
2127609804,1
5182809550,1
8888517094,1
3476493232,11
7183856700,1
4125661234,1
7182523200,1
2128736600,2
7182767649,1
7188216060,1
7188097405,1
7187408400,1
5166050800,1
7182532552,1
2128108423,1
2142626000,1
2127773770,1
7182272500,1
6095214201,1
6469793613,2
8606837100,1
8563722164,1
2124478999,1
6072555014,1
7322386050,1
2123899367,3
3478551502,1
6314622952,1
6314365090,1
2129253555,1
8452948882,1
7185222122,1
7186045541,1
2127779500,10
2125663050,1
7183613100,1
2025954529,1
7183365550,1
2124303387,1
7188990093,1
7187079990,1
7185381515,1
2123143793,1
7186416520,1
7187938500,1
7187867777,1
3308687724,1
7183617350,1
6462780068,1
7183320500,1
8047888200,1
8008829721,1
2129661303,1
2129494800,2
2123516100,2
2124258833,1
7185102333,1
5184491715,3
7182508172,1
6466918532,1
7184751200,1
6173469894,1
5703834151,1
5169531815,1
3154001447,1
7183537345,1
7183572696,1
2128408484,1
7183534553,1
7814056363,1
7189418000,1
7188058900,1
2124213712,1
2123745555,1
2026626000,1
7187477575,1
3124250260,1
6092658210,1
9192990518,1
2018547217,1
8005324752,1
2122270342,1
3234613211,1
4255806000,1
5169210836,1
7184873375,1
5166501759,2
7182317210,1
2124276590,1
2012882600,1
7188933900,1
6462173370,1
7182682667,1
2127200300,1
2129898121,1
7189936423,1
7185618062,1
8888866636,1
5084811015,1
5162855500,1
7185385959,1
7185974629,1
7188274500 X105,1
7188493988,1
9196778000,1
5162924520,1
6172744300,1
6469631141,1
2122136376,1
2124258150,1
6189802361,1
3475820283,1
7186863700,1
7185173169,1
2018660409,1
8482033311,1
7186946957,1
7187746103,3
9144141708,1
7182990500,3
5162234914,1
6466615422,1
2123393911,1
2124079430,1
2129041139,1
3478138386,1
2128035700,2
7188032300,1
2123496500,1
7187327500,1
2126967161,1
8664017323,1
2127143571,1
2122948194,1
7188329277,1
8456289900,1
7188889499,1
6469449000,1
7183843130,1
2128226324,1
7325741300,1
9498511473,1
7184606666,1
2127769053,1
2122893249,1
3139638863,1
2129733024,1
6314242700,1
7189028619,1
7185275271,1
8884387224,1
2036294901,1
8006455118,1
2019683300,1
7183838888,1
2124816666,1
7183367563,1
2038480250,1
4356442001,1
7187994985,1
6464754839,1
7187842084,1
8316253666,1
5165462272,1
2122330419,1
2128409399,1
7186299330,1
9174081638,1
9149067194,1
6464965978,1
2122548900,1
2125648705,1
2022537993,1
7186816000,1
7182633455,1
4108416810 X304,1
7182758600,1
2673868710,1
6035188112,1
2125642424,1
7187859666,1
2129256675,1
9148152984,1
2124179200,1
7186277340,1
6504661100,1
9167872200,1
7184984513,1
2127635000,1
2127494410,1
8005740236,1
2127508891,1
3107121850,5
9176181485,1
7189603749,1
7188881958,1
2124331336,3
2126784900,1
7183833353,1
2122851003,1
8605092200,1
2122668394,1
5853512934,1
7184350124,1
2126259228,1
5167419000,1
2127157220,1
7182732060,1
2126633000,4
7183568482,1
7184242376,1
7188994200,1
7186524847,1
7187581240,1
2152462030,1
7182294434,1
8552473232,1
4157742700,1
7188543475,1
7189668951,1
2019028700,2
9173325779,1
8668645226,1
9735756300,1
6462479201,1
6465923094,1
7188583600,1
5184323676,1
7189342900,1
2124208119,1
7326720997,1
2038628200,1
2038570200,1
7185855529,1
5166784440,1
7187840877,1
7189791800,1
7189845194,1
2129419090,1
3142147000,1
6314275665,2
3474166182,1
2022232400,1
7188755464,1
2126191661,1
2126672674,1
2127404958,1
5166223333,1
7182684700,1
2017771888,1
7189894334,1
7183750900,1
6144304000,1
7182711850,1
2129309400,1
9177578960,1
7186061800,1
2126504938,1
7188925520,1
7035215825,1
8003609405,1
(845) 7354658,1
6466685200,1
7183828745,1
7187281793,1
7188421717,1
9176994212,1
7032720423,1
2012732697,1
2022965469,1
6469086690,1
7188556789,1
6464342745,1
2123158100,3
7177377162,1
9142385945,1
2146651900,1
2126772203,1
2122553570,1
7184965513,1
2124206000,1
2122512460,1
2128479825,1
7189619404,1
2124853100,1
8009669282,1
2148715400,1
7188682961,1
6313936520,1
6319296200,1
7087923722,1
7185831765,1
5163782068,1
7183350304,1
6462773770,1
8547277793,1
9802553000,1
2126194350,1
2125291955,1
5163640957,1
9177057435,1
7188391100,1
8603884599,1
4048158772,1
3479473171,1
7185316084,1
5166212900,1
9143430186,1
2122322200,1
8008314190,1
7184565437,1
2126980800,1
6034317894,1
2126721000,5
3149956103,1
2124794205,1
7189314300,5
2127313413,1
2129640189,1
2123380200,1
7186628606,1
2125843033,1
7188661240,1
7182294000,1
7188362000,1
7183469600,1
7188756900,1
6462572592,1
7185927050,1
7187471000,1
6174262026,1
7183534480,1
5163230011,1
7189287170,1
7146405200,1
2126961550,1
7183565050,1
3472210188,1
2122060013,1
2062661000,1
2124008221,3
7188596500,1
6463034770,1
9733250011,1
5164157186,1
2167069250,1
2122281333,1
2126091500,1
6312448600,1
2122060622,1
4106260076,1
7187127684,1
7182721831,1
7184972407,1
7189457150,1
7182976767,1
3472960111,1
4152293000,3
2129792442,1
2125772000,1
2128896353,1
2129211177,1
7184926355,1
9015794255,1
2123691611,1
2127332323,1
7184531001,1
7177647700,1
6466198277,1
7184946200,1
5163640660,1
8668170726,1
7184472668,1
7188391000,1
2123352030,1
7188020666,1
6166543000,1
3474923200,1
8456399690,1
7189417600,1
7189634440,1
7187671083,1
2127094500,2
7323469600,1
7189814600,1
2125696200,1
7183363832,1
2124378383,1
7182633363,1
3475450778,1
3157377328,1
9146338500,1
7186344011,1
5123939865,1
9172955773,1
4157359125,1
6468830990,1
7188030060,1
2127359500,2
2128647664,1
2124331450,1
7187932086,1
7189326342,7
2127368700,1
9174504725,1
2123693303,1
2127899915,1
9175876036,1
7182222500,2
2124319416,1
2123814728,1
6466242341,1
7186517770,1
6467846435,1
2129052874,1
7183734565,1
5163262020,1
2122217300,1
7189823090,1
2122303893,1
9292812264,2
8778998550,1
2122735200,1
3479466443,1
2032123461,1
7186439700,1
7182733605,1
2128137060,1
7189372123,1
9739301168,1
7183800000,1
2125600204,1
2028248683,1
3475053013,1
2126628000,1
2038760636,1
2128013511,1
7188588111,1
7189193600,1
2122655570,1
9179727407,1
7183248300,2
2124310233,1
2125346634,1
4156583333,1
2129284266,1
2126842800,1
2126200500,1
5163744564,1
9175231474,1
3475548109,1
3473183477,1
2127634560,1
2129296800,1
2018184669,1
6466456591,1
8585382220,1
4085414191,1
4155616373,1
3477578912,1
7184666700,1
7186361688,1
6464166988,1
7184542100,1
6177400400,1
3475640022,1
7187277303,1
8008742291,1
7188888898,1
2032711773,1
7188513470,1
8142575156,1
2127254260,1
7182934352,1
7184656400,1
2128785900,1
2126742400,1
7184995667,1
7184924321,1
7185263442,1
7183780010,1
6316423313,1
7183777507,1
5163496100,1
2122906000,1
9733458020,1
5184327841,1
6462782000,1
7183878213,1
7184312991,1
8459852291,1
6319875095,1
5164330350,1
7183887287,1
4012458300,1
7183863242,1
7182364791,1
7182387451,1
7187892451,1
6466278830,1
5186807854,1
6317378473,1
7186985387,1
7189214246,1
7162065100,1
6264483448,1
9175694799,1
2123324102,1
7184699400,1
2124052321,1
4153896800,3
7188881819,1
7183726878,1
2127801400,4
8007915454,1
7183567017,1
7188812000,1
7184250625,1
2124270146,1
2127971110,1
7186650288,1
4252908898,1
9176999482,1
4178828012,1
9175456019,1
7184161624,1
2126916421,1
5164872252,1
3126306000,1
6466269748,1
7185811251,1
7185892004,1
9175466816,1
3125835700,1
9145364402,1
6315868006,1
2122730794,1
7189878188,1
2125291557,1
9733041866,1
9174636033,1
6465421199,2
2123610050,1
2148874547,1
6463439861,1
5036241951,1
6462534920,1
5032261050,2
2038694400,2
9737627645,1
3157949495,1
8453532500,1
9515201900,1
2127325653,1
7188238345,1
7186922424,1
7183357272,1
2034227766,1
2125347771,2
2125936900,1
7186525500,1
7188546040,1
7188453030,1
8556876923 X704,1
7033652227,1
8009772856,1
2128746633,1
7189798815,1
5165024231,1
2128079500,1
7184696207,1
2123664459,1
2127235939,1
9734270058,1
2125418457,1
2126057000,1
2123718888,1
9142223071,1
7185187600,1
5032772299,2
2124033500,1
7189989000,1
9148102601,1
7184771400,1
9147395400,1
7186458748,1
2123630032,1
2123908178,1
8006510701,1
7184755247,1
2124859015,1
7188491437,1
7185690184,1
2122656222,1
3475871382,1
2679822064,1
5164967700,1
7034717031,1
2122729800,1
2126553500,1
2129231803,1
7184642422,1
6314719180,1
2126083990,1
9177490682,1
9149653990,1
2128315020,1
3124229900,1
3473281088,1
2128474310,1
8566927572,1
7186384878,1
5162148171,1
7186827357,1
7188178595,1
2129624795,1
2128755509,1
8567971200,1
2128937826,1
2127019440,1
7183832626,1
2124600019,1
7186644594,1
7185906201,1
7186271150,1
7188586777,1
5082535000,1
6463228589,1
7327419099,1
2129070049,1
2125667800,1
3104485000,1
7185964840,1
7182468080,6
7185428144,1
5162484817,7
2128134710,1
5168772900,1
5164895400,1
7189333624,2
7184484006,1
2126663320,1
2486479200,1
2124951784,3
2129717710,1
3154331380,1
2122608813,1
3102755335,1
7182366866,2
5169715555,1
5617272000,2
8663674637,1
7189727878,1
8002200330,1
7187080501,1
8003235727,1
7326686255,1
5023942100,1
7187844100,1
6318734771,1
2066247940,1
2122837904,1
2065052034,1
7575486420,1
2129994910,1
2122492588,1
4152913700,1
5084351000,1
3476336059,1
9174746952,1
8452670920,1
9172166438,1
2128035701,1
9147151241,1
9174022998,1
2122309200,1
2123611600,2
6509639884,1
4844305700,1
7182680092,1
2124393826,1
2123431234,1
7033028000,1
7183658620,2
2126943303,1
2124186577,1
6365364270,1
9176028019,1
7184326969,1
4108436239,1
7183694530,1
2127220015,1
7188033782,1
2125990090,1
6318355466,1
7186652486,1
8882403734 X2#,1
6104585000,1
7855625381,1
7012418700,1
2129014942,1
3479519650,1
7323597246,1
2128736300,1
7186285555,1
2126502876,1
7328731166,1
7183350634,1
5168212003,1
6316695355,1
6095777703,1
7183846887,1
2128307000,1
2122391818,1
6505729450,1
7189471167,1
2014522249,1
7183754700,1
2122934600,1
5163938212,1
6466724456,2
9492241810,1
2123037100,1
5167212065,1
9145645807,1
7189653135,1
2124977100,1
7189451484,1
2129966640,3
2127687454,1
7188551717,1
6263259726,1
8584566000,1
5165762040,1
7035514718,1
7183493114,1
2125835799,1
7183810957,1
3478312414,1
7184662200,1
4044598081,1
7189900794,1
7188165453,1
6464900643,1
9737501180,1
7184671797,1
2127272819,1
7813766931,1
2123342600,1
5163155554,1
8054568644,1
2129719500,1
2124107195,1
7184469021,2
7708051000,5
7189656450,5
7602086500,1
7182791457,1
3017899795,1
7182952882,5
7188633282,1
2125726495,1
7183723003,1
4153949000,1
7189399700,1
5163197401,1
7184200400,1
2124188700,1
7183535870,1
2013497955,2
2023191763,1
5169416992,1
9175923875,1
6468341204,1
8008326656,1
4072542305,1
9143473000,1
9172152169,1
7182042765,1
2127412247,1
6319567000,1
2126885600,1
7182441350,1
5054675101,1
7184910468,1
6463958083,1
5164962322,1
8453216690,1
7188822388,1
9176902783,1
9732794411,1
9084096245,1
2135960909,1
2127313491,1
7186576500,1
8773012700,1
3476822620,1
2125646833,1
2126862042,1
7186675350,1
9146810265,1
2128608821,4
2125262522,1
5619126000,1
9142612004,1
7182047177,1
9147740600,1
2124752590,1
5142025329,1
6468611937,1
6464713000,1
7187202585,1
8008154000,1
4105470500,1
2122790700,1
4136238991,1
5167309300,2
2124737875,1
6465152451,1
4155131026,1
2127603654,1
7188864232,1
6463257237,1
7197927000,1
9174934115,1
7182938400,1
5183556034,1
5164282996,1
2126720022,1
7035339200,1
7188358400,1
7787102356,1
7183056866,1
9727133700,1
7189695500,1
4123523658,1
2126850578,1
6464214523,1
6462308630,1
5187134726,1
6463305951,1
6463305005,1
2125944015,2
2125948140,1
2126330158,1
7184398900,1
7182720505,1
2127488900,2
7185840515,1
3128561970,1
7189987473,1
9172888290,1
7182583900,1
2126163930,1
3476687490,1
6469829007,1
7187869400,1
2128123390,1
5168221192,1
9736905506,1
6464810460,1
7183512557,1
2126955313,1
8006244016,1
2122269010,1
2129290669,1
6175803586,1
9493807288,1
9173882024,1
2129874616,1
8774664429,1
7184229999,17
7183380436,3
2122160683,1
3478578355,1
7184495000,1
8482181530,1
2023377500,1
9732222165,1
9144211164,1
7182738414,1
9146942100,3
2128443584,1
2126971505,1
7185891510,1
3477353600,1
7185442539,1
7185234400,1
3367414500,1
2129292200,1
3472943939,1
2126774650,1
6313659785,1
3108712790,1
2124635101,1
2126200340,2
7186395439 X718,1
5163029480,1
7184404882,1
8005787906,1
7188529307,1
2123671999,1
6153726850,1
7182661706,1
9175181574,1
2126279400,1
7187867570,1
9085371304,1
2122295600,1
3472514891,1
7182735610,1
2122546468,1
5084350090,1
2128747272,1
7186610811,1
6467903821,1
2123040400,1
6178977800,1
7186874015,1
2567302000,1
7183249330,1
3479930988,1
7039240324,1
2129245500,1
7182867900,1
2125324460,1
7187206966,1
3478716750,1
2123899387,1
2125995599,1
3477413626,1
7183895290,1
2124903000,1
7184417100,2
8456262126,1
5402349090,1
2129691000,1
2126060889,1
2129237766,1
6467360699,1
2125944340,1
2128676720,1
4077609743,1
7183322266,1
6314713343,1
7606923700 X760,1
3122669300,1
7323838474,1
6466751761,1
7186436790,1
2125430107,1
7182933344,3
6465040940,1
6463364940,1
2123601100,1
2122219462,1
2123480952,1
7182215566,1
2125429602,1
8002257381,1
7185993450,2
2123602661,1
7184291982,1
7186802221,1
9732867042,1
9172049334,1
7189287058,1
7184584000,1
6462417005,1
2122138650,1
2126144828,1
2122276440,1
2129530945,1
5165127999,1
8008587339,1
2129965100,12
7184850111,1
2125184942,1
2129942200,4
9172171781,1
3127956300,1
2159687577,1
4166448094,1
2122992523,1
2122398580,1
7188391183,1
2015693500,1
5162224522,1
2013279110,1
7182677590,1
2122989100,1
7707015000,1
7183684490,1
3478522072,1
6466814700,1
2122399703,1
7185747558,1
6314350400,1
5167715511,1
2129513803,1
7182818890,1
3526947195,1
6319230081,4
7182985270,1
2122721488,1
4025930101,1
2128684660,1
5162779325,23
7189940604,2
8456757037,1
3105567777,1
2133854120,1
7187842229,1
5182919690,1
5169317915,1
7183702292,1
2674640500,1
2123495795,1
7182910282,1
2124658448,1
7182320100,1
2128526324,1
9014348600,1
8883883224,1
5162481277,1
3212103434,1
6465241400,1
9497206000,1
2122445560,1
6462169187,1
2127126000,1
7037097172,1
7183040041,1
7183667930,1
9175182873,1
2133127868,1
2014974474,1
6315825900,1
2122198100,1
9176524422,1
4088336369,1
2123326055,1
5207459447,1
2128389410,1
5162779300,11
7182372849,1
9149370900,1
6177208400,7
2025372905,1
7185470501,1
7324622020,1
7187565550,1
9528931554,2
9173622500,1
3474158682,1
7183432533,1
8458965333,1
7183190011,1
7182374700,1
3128220088,1
8024255258,1
2122837200,1
4123157781,1
7183644788,1
2122130977,1
5184386000,1
7173961116,1
7322839300,1
2168204500,1
3126611100,1
2407236919,1
7326581052,2
7168764669,1
6516395680,1
2129710936,1
7189182300,1
7188289772,1
2124875092,1
2125317620,1
9086548068,1
7186227044,1
2126296810,1
2678881001,1
7186253810,1
7182849392,1
2693371337,1
4432595500,1
9147034255,1
9149375129,2
7185285493,1
7186232660,1
6317786444,1
6312425315,1
7187244316,1
4194339800,1
6468272272,1
5165620432,1
7184829600,1
9174393868,1
9176990560,1
8003795551,1
2122897779,1
2122290345,1
6462416622,1
7329277080,2
2126830015,1
5183371807,1
6107229745,1
9177568987,1
2126538878,1
7188682300,1
7183597114,1
9734712600,1
7189375800,1
2123721218,1
5165934471,1
7185262422,1
3478624221,1
4157482300,1
9175970667,1
2128694000,2
2017984470,1
9735771300,1
5163497373,1
2125345249,1
4412961754,2
3014285500,1
9517390186,1
7187746333,1
2122262180,1
2023497003,1
2126009600,1
7182945840,10
9172730776,1
9372473173,1
2125215400,1
7189833800,1
8002577953,1
7184917169,1
9733554000,1
2129664705,1
7185076853,2
2126129100,1
7183728242,1
2037724331,1
2122420500,1
8889262766,1
7184566636,1
2126453444,1
2123135413,1
7186430232,1
9172670377,1
2126917554,1
5187830200,1
7169415255 X238,1
6465653941,1
8008301665,1
8009375300,1
3153862776,1
3473861399,1
6464798792,1
7326716400,1
2126457575,1
8003667810,1
2014387223,1
9147196149,1
2122552000,1
7189206474,1
2125055955,1
6462083831,2
2124656310,1
7182681200,1
7182612900,1
2126438800,1
2406622837,1
7183786100,1
2025464747,1
7188020603,1
7189281000,1
7136218000,1
7183387575,1
3125651414,1
7183710310,1
6517361056,1
3474687900,1
7325725080,1
2015712500,1
9149613144,1
2126836700,1
7188450123,1
8008569981,1
3056915400,1
2124373524,1
7182556262,1
7187068383,1
5167646300,1
7188529400,1
7188161422,1
4806757284,1
2127241633,1
7183513115,1
2122392251,1
6462572930,1
6468634150,1
7182735113,1
2129710114,1
7182913935,1
7185498100,1
7183765400,1
7184352812,1
2127253403,1
2124793300,1
2128832773,1
2127141006,1
2126732405,1
8008060569,1
2127055000,2
2122222204,1
7187066300,1
9174993913,1
7182527777,1
6175632405,1
7188538989,1
7188210231,1
2122328713,1
2122066000,1
2129676002,1
2122680950,1
4122815335,1
2124251900,1
9177904000,1
7184845879,1
5164334220,1
3125850300,1
3239741887,1
7183766958,1
3473874482,1
7183510939,1
2122222494,1
2012360505,1
8008000019,1
2126884222,1
4158101056,1
5162135025,1
7183411991,1
7189331353,3
2128737575,1
2124928404,1
2123461200,1
7183788400,1
6315374220,1
3475294535,1
6102619000,1
7183928787,1
7182922024,1
7183385600,1
3034156000,1
2126808945,1
7183389561,1
6318413333,1
7182092414,1
2124044077,2
6467943167,2
2122431313,1
9173190462,1
7187689400,1
3102316100,1
9737775577,1
6464836484,1
9149648500,1
2127211223,1
4433532077,1
6466883113,1
9082341000,1
2128494800,1
6315449110,1
6035206455,1
6463596983,1
7186491750,1
7183990200,1
9197579125,1
7182055900,1
7189630330,1
2129414800,1
6467227220,1
6314237960,1
7187054398,2
2129012500,1
2127323200,1
2013682770,1
9739259972,1
5164395150,1
8606169000,1
6092522539,1
2129624303,1
2122278401,1
7187488357,1
7188490600,1
7184560800,1
5162562310,1
8005362959,1
7184456308,1
7184477740,2
2033535900,1
2128832500,1
7189226366,1
7187881987,1
7182976520,1
7183681234,1
7183333401,1
7188964444,1
2123607620,1
7186242000,1
7189771200,1
7146690052,1
2128702080,1
7184785502,1
9788340505,1
5165462003,1
7187348400,1
2122836770,1
6464828953,1
5169384100 X114,1
9529977000,1
2125000774,1
2126049522,1
7184454111,1
5185914660,1
9148351105,1
7185195937,2
7186241950,2
2129627730,1
2128681121,1
8452790263,1
3036743500,1
6034323404,1
7188751000,1
9782646001,1
7186990005,1
7187387386,1
3108206661,1
2128660301,1
7189981250,1
7189486075,2
2129256635,1
3105668700,1
2124769000,1
2125607545,1
7813578100,1
6462137300,1
2122740550,1
7183392928,1
2125829100,1
2128644500,1
7189350395,1
7186587400,1
6028180416,1
2152811400,1
2122790440,1
9177344736,1
5712328389,1
5182534216,1
3472194481,1
7187916348,1
2124107296,6
5164883000,3
7185385000,2
8452286100,1
7037401000,1
2126606311,1
9177102649,1
7186526256,1
7183217200,1
2125207929,1
2126864551,1
2125847000,1
2038512646,1
7182613047,1
7184390925,1
7182872600,4
9173977242,1
3473850824,1
6109924150,1
7183610044,1
9735122233,1
7183610080,1
9179131787,1
2123545939,1
8007566678,1
7184503466,1
2126274088,1
2127602423,1
2128888334,1
7184670600,1
7184562000,1
2165929400,1
2123495890,1
2128126987,1
7186779343,1
7329280600,1
7186572500,1
7187068139,1
5184318090,1
7323670129,2
2037193000,1
7185196900,2
2124276912,1
6467441074,1
2125668805,9
6318417500,1
4152622003,1
2152552300,1
6174472400,1
7189219000,1
7183891810,1
5186408569,1
2125708511,1
7189941374,1
2032520410,1
2127216032,5
7186249115,1
7187292700,1
2128580993,1
2126333266,1
6315670200,1
2123347940,1
2122392100,1
7184516094,1
7185383344,1
2128387222,1
8002921231,1
7188974343,1
7186396074,1
7184724330,1
7189466699,1
7185966346,1
6175027546,1
2126948759,1
7185963520,1
7184088849,2
6312548600,1
2128237044,1
6514837111,1
6466983440,1
7182572667,1
2126652600,1
7184993015,1
7183210117,1
6313487600,1
9736270629,1
4434603375,1
2027295626,2
6094025016,1
2067823082,1
9146747369,1
9178921210,1
6129046200,1
7189153015,1
8132991631,1
7189224621,1
7704188606,1
2124658200,1
2126792393,1
2122240359,1
2125087210,1
7188367100,1
6315019700,1
7188159588,1
9172072438,1
2123246558,1
6313212933,1
7187054705,1
6468274100,1
5716331711,1
9177051638,1
7187699161,1
7184069360,1
2125835366,2
2128680070,1
7187068200,1
6465227914,1
4103452470,1
7183612550,2
2127106038,3
7183326109,1
7188611400,1
9174535971,1
7034763400,1
2024209863,1
2132775755,1
2127652555,1
7815819991,1
5167737747,1
2123720338,1
7183618994,1
5184477983,1
7187390884,1
5107943100,1
2013303225,1
7034444077,1
7184031600,2
7185491606,1
7184282026,1
9162381812,1
2129847371,1
2122906065,1
7188548844,1
6464374298,1
2127274244,3
7187580400,1
8056507770,1
8522893673,1
7188122689,1
9149084353,1
2127854027,1
3474183800,1
2123040103,1
7187659036,1
8007624000,1
2124277080,1
6109432321,1
7184459444,1
2124407954,1
7325740700,1
2126623200,1
2126973286,1
7185389021,1
2123037200,1
7187971041,1
7189335111,1
3036463700,1
6177267362,1
6305156660,1
7182320114,2
6468104050,1
8669512280,1
5168879600,1
7818432663,1
8002383233,1
9143235128,1
2124753737,2
3522376288,1
7188964646,1
7164833851,1
7325833050,1
2127811113,1
2126251616,1
5164842700,1
6307248500,1
9173649742,1
6465357245,1
7189376300,1
2125703600,1
2126844480,1
7185225200,1
9174156547,1
6464815890,1
3478578647,1
7188212323,1
9178809699,1
2123711011,2
6464720262,1
2126334700,1
7187714002,1
2127951014,1
9149640554,3
2127761914,1
2128412000,1
2127228016,1
2125392941,1
7182826077,1
8009556288,1
3476199040,1
2126631205,1
7189659462,1
8563170260,1
7188861682,1
2126207970,1
2129713300,1
7184224200,1
7187397452,1
3158231015,1
2125630341,1
2122334040,1
2127802500,1
2123531176,1
9144131041,1
8002277391,1
2128684848,1
2128408666,1
5165961109,1
9172658591,1
2129069090,1
7189288966,1
5169321010,1
2129861170,2
3104799901,1
7182605192,1
3129223333,1
6198141401,1
7187841444,1
2126504642,1
4046875801,1
3129176545,1
7184445700,1
6039600112,1
7184385100,4
6178900600,1
6084664966,1
3102355901,1
2125452400,1
4439893343,1
2129811058,1
9734763988,1
7189230760,1
2124006210,1
7034487900,1
6082744330,1
9172172041,1
2122041313,1
7183465777,1
3018469901,1
7182584441,1
9739219211,1
5635560123,1
7189075445,1
8003281452,1
6464804280,1
2129378660,1
2124753131,1
