total number of rows in this file: 7923
2127364442,1
9733796699,1
7183997395,1
3122230211,1
8005719554,1
8606748066,1
7183263277,1
7188593800,1
2125424179,1
6466505501,1
4014310700,1
2122349090,1
4155466056,1
4108784844,1
6175633649,1
7182810282,1
2124155534,1
6467768770,1
8453683700,1
7182292169,1
7183587200,1
7186659105,1
3127260140,1
2127226350,1
2126796362,1
2122797535,1
7183720025,1
7182986161,1
7185273776,1
2122425200,1
5183700234,1
5103534070,1
9173610104,1
2122073221,1
7326529100,1
2125759565,1
2122891756,1
2127742499,1
7182810441,1
7188842200,1
6464793951,1
2129319112,1
2124813661,1
2124873272,1
8432166200,1
6173697100,1
2123298604,1
7186219321,1
9549648663,1
7184928900,1
2036057734,1
9147361808,1
6176273678,1
6312936920,1
2126830023,1
2122335700,1
9736220073,1
8002233810,1
2123194100,1
5127217258,1
7187369064,1
2147407300,1
2122421414,1
6172897918,1
7188727108,1
7182637000,1
2033360332,1
6317821020,1
5184266202,1
3362324100,1
8002214792,1
8024623170,1
7185542800,1
7182058462,1
7189440958,1
5163261160,1
6123163857,1
7184652344,1
3476582881,1
7184385921,1
5183106330,1
7182151193,1
2126402000,1
9172545400,1
7183022171,1
2152223000,1
7187269405,2
9149994300,1
2128191130,1
2626565430,1
9736600278,1
2126776030,1
2028570620,1
7183487620,1
7185421161,1
2125121000,1
7186306000,1
7188634100,2
9015652100,1
5032237600,1
7187971106,1
7188991532,1
7187965048,1
7186060072,1
2124201970,1
7187606398,1
5168843294,1
7188801911,1
2126271700,1
7038285651,1
5188691671,1
2128685100,1
7188316970,1
7818302500,1
7322894571,1
7185225512,1
4137273573,1
7189318110,1
2128954441,1
2126164000,1
7182991100,4
7187745447,1
2122391770,1
8005672220,1
2027947387,1
7182358800,1
7187939800,1
2126266990,1
7188823261,1
8005331390,1
7183490900,1
7187882600,1
8004219010,1
7186860388,1
2124074629,1
2128912880,1
2127143581,1
7182248855,1
7183661800,1
2125536300,1
9087537000,1
9732275515,1
7182687980,1
6465880030,1
2124773030,1
2126135000,1
4108849100,1
7186366930,1
7632337300,1
7189242254,1
9085343590,1
7183601780,1
7324041600,1
7189373720,1
6174829485,1
3474062809,1
7183990146,2
7186172800,8
9083702689,1
2125665600,2
2127711717,1
6177822600,1
7184474330,1
2129914000,4
7184427351,2
7188862889,1
2256147961,1
2123430114,2
6468716985,1
7187821018,1
2129308908,1
2127141184,1
7189653695,1
8567781500,1
6196878000,1
7182656643,1
6178503500,1
7187608399,1
2122330011,1
8008765577,1
8778233226,1
6098907007,1
4152640152,1
8005210600,1
4153799201,1
7184827262,1
9295220083,1
2126664000,1
2126813000,1
2122799686,1
7186267394,1
3477461761,1
2125299262,1
7184424212,1
9147411115,1
3018204685,1
9175333569,1
2128895500,5
7189396137,1
2035724493,1
6177227265,1
3475323007,1
2126078450,2
6096554400,2
2128693540,1
9144815993,1
7187923636,1
7185133600,1
7038123020,1
718 392 6457 X 116,1
3477306035,1
7185897858,7
8573833200,1
9177799325,2
7183262700,1
2122561460,1
2028823956,1
2122303300,1
7034837000,1
7189461100,1
2122788111,1
6462370103,1
9179527138,1
4156757300,1
3476406000,2
2124312609,1
7184489650,1
9143758703,1
7189372328,1
7182948259,1
7322051324,1
7186433900,1
8889987284,1
7185201986,1
2029698850,1
7187864644,1
7187566607,2
4132534154,1
9732334503,1
4142899788,1
2128415200,1
2129160807,1
2126519450,1
2123442515,1
4848404300,1
2122144361,1
9143230300,1
2018660100,1
2132297193,1
3472422315,1
6464324000,2
7183884696,1
7183895800,1
7182370060,1
9493458700,1
9178684453,1
2129294417,1
6467992369,1
7184386800,1
7185925757,1
2018400069,1
8005529410,1
8003561200,1
7187868890,1
8002330759,1
7189608490,1
7188537800,1
2622417900,1
7186760215,1
6465151389,1
7182216165,1
7187749213,1
2124215333,18
7186017000,4
7326431700,1
7186922100,1
3038694600,1
2125542160,2
7186679235,1
2126456360,1
7814713500,1
2128052125,1
7189654866,1
2124105615,1
7186417754,1
2124559899,1
9252109370,1
3012511500,1
7188544456,1
7182927250,1
2035612106,1
7186497979,1
2128033302,1
7812380099,1
5165354620,1
2122437400,1
2127410401,1
7183999800,1
2026564715,1
7189973920,1
5165793111,1
2122938404,1
5163045555,1
9733458871,1
8452774401,1
2123986900,1
7245172676,1
2123430044,1
2125543700,2
7187226000,4
7188285200,1
2012996221,1
7182921700,1
7183535500,1
9147238193,1
5164669581,10
7186980280,1
7188354155,1
2124218100,1
2128079600,1
5162954168,1
2128096625,1
2014279600,1
2122692302,1
6314230747,1
6463305700,1
2122811959,1
2127547003,1
6468734003,1
9144007940,1
2122262274,1
3014038838,1
8453385800,1
8778748669,1
2127609300,1
7187281768,1
5164331801,1
2122868585,1
2124303400,1
2124035480,1
7186518200,1
2126643627,1
2153097700,1
7182926200,2
7864701640,1
7188494048,1
5082632900,1
2127778400,4
7183570394,1
2122748558,1
8885115114,1
6467661301,1
7187299000,2
7183666565,1
2126902000,1
2129295656,1
7185748300,1
2125295252,1
5405571200,1
7183782356,1
7187885447,1
2124276960,1
6468334522,1
7187845210,1
2125686250,1
7183753050,1
2125341672,1
5163582955,1
8554042267,1
7188974477,1
2125091336,1
7187271900,1
2127049745,1
7189328080,1
2036561522,1
9173853856,1
9173592393,1
9738665374,1
6132445111,1
2128682017,1
6468202432,1
7187687181,1
7183444056,1
2125036391,1
7187734049,1
9176851930,1
5167838899,1
7182590888,1
6314217371,8
9142503700,1
7182929300,1
2127772173,1
6463623700,2
2014376200,1
3106510789,1
2127810355,1
7189611136,1
7186054458,1
2128780600,3
2126451011,2
7188651862,1
8006288073,1
9179512463,1
7182204216,1
4322633,1
2126615800,1
6962065481,1
7187897330,1
9173057760,1
7182334244,1
3034566977,1
2124591455,1
2124765642,1
6463007172,1
4252843854,1
7186863222,1
2123959831,1
9734104130,1
7182992275,1
9736228888,1
7182731200,1
2128797400,1
2126450875,1
8005585986,1
7184380008,1
7248736723,1
3479873270,1
7187628700,2
6462404288,1
3476758637,1
8453318545,1
7186510096,1
7182887977,1
7189342592,1
2128488238,1
7182355255,1
2126084320,1
6465534500,1
2123106600,1
7188439675,1
2124881645,1
2013911900,1
2127318400,1
7186180061,1
7183356363,1
8012815522,1
3477234921,1
9198464046,1
6462565867,1
7183783554,1
2127252111,1
8774417440,1
2122444351,1
9147693200,1
2124381598,1
7186177807,1
2126207310,1
9144991900,1
7183172393,1
8165315575,1
7183095988,1
2122423735,1
6466209012,1
7189658091,1
9174098479,1
2126024455,1
7188168911,1
7184713724,1
7184985555,1
7188601333,2
7187393800,1
2127495167,1
7187880036,1
2124559600,1
2122312039,1
9143787550,2
2126756150,1
3864622643,1
2126432616,1
5854671370,1
2129251656,1
2129890909,2
2126897744,1
4073452000,1
6179272500,1
5164852222,1
7187382468,1
2126205462,1
2128967900,1
7183238658,1
6503724300,1
2125930750,1
2128080000,1
9147348286,1
7182211248,1
6318440055,1
8002488030,1
9146330200,1
6317703840,1
7182602917,1
5164897835,1
5184639706,1
2126751000,1
6466254301,1
2126912800,1
2123749009,1
8003316707,1
5083682399,1
2127323777,1
2395951163,1
2123335333,1
6468671988,1
7188981010,1
2126200794,1
9178499303,1
7188216670,1
2039753333,1
8435799400,1
2012707177,1
7184486700,1
2129292626,1
2128622100,1
2129158888,1
9175423600,3
7186988519,1
8002676244,1
9175423618,1
5164874090,1
6172929200,1
7184285370,1
7183922310,1
8003313188,1
9178013884,1
2123858100,1
2127572670,1
3016529100,1
7182929260,1
5182813322,1
6099190099,1
6469644059,1
2127536300,1
5163386848,1
7189668080,1
7184728287,1
2124233256,1
5852471610,1
6467442900,1
6467233325,1
2019396565,1
9174844758,1
2129642288,1
2124658455,1
7187204188,1
6462580936,1
6468910000,1
7328740274,1
7186275781,1
2122260083,1
4847047203,1
5146731375,1
3474914451,1
4137431292,1
7185262601,1
9142353654,1
5619235000,1
7188280155,1
7183926457,1
7187451738,1
2147207300,1
2125600225,1
7187826978,1
6465520956,1
7182396300,1
7188260807,1
7032345910,1
7188247390,1
2012915029,1
5165230012,1
8773595350,1
7189791371,1
6467654143,1
7188538500,1
5168877777,1
7187281770,1
6463227507,1
2122469885,1
3475991641,1
7187226084,1
7188241525,1
2125334114,1
3476421368,1
7188500076,1
6464674970,1
7185208585,1
7187690001,1
6314242244 X101,1
5189434343,1
2122393025,1
7188528500,1
5163909387,1
2129891450,1
6465746556,1
2126657010,1
2128960342,1
2036181000,1
2126554428,1
2122938900,1
2126889460,1
7186806276,1
6173186500,1
2023342255,1
7183226363,1
7182360909,1
9148357417,1
7186657002,1
7183358185,1
2123586133,1
2122211544,1
7032827393,1
7039273893,1
5133617600,1
7814446002,1
2027725956,1
6466058655,1
2129089500,1
2122391422,1
2127494444,1
7323961965,1
2125833850,1
4122015501,1
2123458224,1
8663083811,1
4432506566,1
7182375500,1
7186696154,1
6467708000,1
5059545474,1
2122656600,1
2123490438,1
2129308000,1
2125264655,2
2124881743,1
2038993400,1
7188453550,1
2123419973,1
2128065400,1
7182974352,1
6172921000,1
7182531555,1
7187265272,1
2123993000,1
2129821633,1
7204596492,1
7322220997,1
2128359508,1
8476440192,1
5163264515,1
6466884470,1
9149978000,1
2125327800,1
7183266126,1
2123469288,1
4129634000,1
7188081300,1
2126244349,1
7186282422,1
2129663875,1
2126611363,1
2127504455,1
2124774022,1
9175199365,1
7188383520,1
7186461444,1
2129947102,1
6462290360,1
5182181700,1
9175146773,1
4128288791,1
8453543367,1
7188322444,1
6173912310,1
7183261585,1
2128695300,6
2126805100,1
7189841700,1
2125320703,1
7187587500,1
6467934851,1
5403700010,1
5174829236,1
6503786000,1
2123436400,1
2128835608,1
7187560770,1
7186805437,1
7184760076,1
5169210808,1
2124313845,1
2124881300,1
2124937403,1
4048286000,1
4157656500,3
7188052252,1
7187069612,1
6466782089,1
6467220000,3
3477156546,1
7186371213,1
2126080899,1
7183090021,1
2123592643,1
7183511611,1
7182327800,1
5169928100,1
2125322211,1
3472026060,1
2013993207,1
2679612525,1
7183281064,5
7187430907,1
8474928454,1
7186284106,1
7186247400,1
9175823670,1
2034292200,1
4042305319,1
6467942562,1
7184396666,1
7186215382,1
2129890652,1
9142715063,1
7187615166,1
2125888885,1
2073212830,1
9543851055,1
7185855544,1
7188551197,1
2128737785,1
7188725511,1
8773910977,1
2127802364,1
7188814479,1
6469354524,1
2127459700,1
3474051187,1
9733677468,1
7326979000,1
9147416693,1
2125375120,1
7184739237,1
7185967721,1
7708174250,1
9179689563,1
5187012713,1
7187242810,1
7704361542,1
7187292373,1
7187380588,1
2128352439,1
3475059102,1
2015678110,1
7186586380,1
9736860648,1
2124259200,1
2136834200,1
6174269050,1
7182630546,1
5083577670,1
2126837000,1
8666986537,1
2124881340,1
7186284477,1
7189971997,1
7187203200,1
2127421600,1
2124924000,2
2122834086,1
2124622628,1
7189921321,1
5163648700,1
7182259352,1
4124542200,1
6109342222,1
6469438700,1
6315449000,1
7187332557,1
3013128129,1
5123827322,1
8669653330,1
2127250707,1
5107120724,1
8562319449,1
7182374884,1
2152091350,1
7183801280,1
7185888007,1
2125370500,1
2126258001,2
9142071744,2
3472262481,2
7183900914,1
7032723270,1
7185652170,1
2122277999,1
2122174700,1
2125346464,1
2127393000,1
2127277722,1
2129249000,1
2128228300,3
9147385100,1
6462300551,3
7189561661,1
6462173373,3
7183515530,1
7183579738,1
7187453523,1
7189877596,1
7183044500,1
9178429212,1
7184982320,1
7182320055,1
2127277495,3
6034228888,1
7817214041,1
2125149385,1
6099451160,1
6462273273,1
7183720820,1
9173715176,1
9146337500,1
7188328625,1
2124312869,1
7182250222,1
9174393832,1
2123342025,1
7184571122,1
8606519760,4
7182205400,1
3239383232,1
7186293452,1
7186366933,1
7187671125,2
2014887144,1
5162272400,1
2125636252,2
9144720180,1
7185449033,1
2125336390,1
8002482727,1
7184584703,1
9147299815,3
5105178955,1
2122483894,1
9142732233,1
8006549550,1
6105423007,1
2185784200,1
9172163137,1
2126973797,1
7183284188,1
4142994012,1
6174396300,1
7184333075,1
6462321025,1
9733455600,1
7182841097,1
8579906535,1
2128963988,1
9524869062,1
8018473100,1
9129375129,4
9178370598,1
2128606001,1
2123759214,1
5184633107,1
2128893370,1
6092826703,1
7183699663,1
2129985504,1
2153021500,1
8004224339,1
2124659366,1
7182091010,1
5186643899,1
2123624008,1
2014207000,2
2127105710,1
7183289700,1
7183392745,1
7184323420,1
7184653252,1
3479221074,1
7187214690,1
3015818594,1
5165128983,2
8004453720,1
2126317544,1
2127694160,1
9173733497,1
2123719199,1
2126471900,1
8774559369,2
9172105804,1
2024527000,1
7327107471,1
9733352966,1
9782152400,1
3474336471,1
5082237708,1
2066945500,1
3473377510,1
2124821600,1
9087229830,1
7186254545,1
2122989200,1
7185311800,2
2123671900,1
2127776645,1
7189662600,1
6078657790,1
9149215000,1
9142867761,1
3473873549,1
7186434880,1
7183180144,1
2129676588,1
7189676700,1
7185622300,1
2125324111,1
2126898390,1
5163778173,1
9176766443,1
7329022634,1
5032210983,1
6505775200,1
8882854548,1
2126310543,1
7183522100,1
7186582299,1
4698677375,1
7184476477,1
7187767008,1
5187242300,1
9167747160,1
3472779471,1
7182915040,1
718991185,1
7182903763,1
2129571197,1
2129663660,1
2123483005,1
7187381348,1
7189311100,2
7183889388,1
7182622199,1
2127775966,1
7186410007,1
7189398801,1
6315767633,1
5612660845,1
2122450444,1
7188992020,1
2127986100,2
7189608241,1
6463740017,1
3478858982,1
7183831970,1
9146652986,1
9173593186,1
9178739261,1
7185623410,1
2125771740,1
6467573168,1
2126954446,1
2124319191,1
5165936460,1
7186174195,1
6318646699,1
6463976280,1
3129306850,1
9177472679,1
6467866200,1
2123837930,1
6172103200,1
7166848060,1
6173106142,1
7189617300,1
2122668300,1
5102955857,1
2122296000,1
2125295471,1
7184768449,1
7182295357,1
7188945190,1
7182929882,1
7184342805,1
2129275771,1
9149934570,1
7185858585,1
8569310011,1
7183356049,1
2127490900,1
2129971003,1
3015805288,1
5164375100,1
7188734818,1
2126891386,1
6465042015,1
3479460017,1
7187332200,1
5167593135,1
7185973268,1
7186571100,1
7189944650,1
2062239690,1
2124580800,1
3017318316,1
2122373872,1
9256593200,1
9085592000,1
7183924500,1
7189373800,1
2126253868,1
2126270110,1
2126040710,1
7185261340,1
7189376800,1
3123648120,1
7183530932,1
7188996100,1
7183869277,1
9146360000,1
9739483000 X2576,1
9545566701,1
9729340100,1
7186557700,1
9179308234,1
6465587801,1
7182373400,1
7186799908,1
3474926621,1
8562348000,1
2032510200,1
2016043600,1
5167450150,1
6506453000,1
6109971000,1
2129261049,1
7187570834,1
7325251000,1
2123700320,1
8479642749,1
7187047039,1
7184427700,1
3475606086,1
7187980929,1
2122810206,1
2125741364,1
2123657428,1
2123701776,1
2127019404,1
2128963840,1
3476890435,1
2129441150,5
9195447040,1
5168377000,3
2126753200,1
2126974740,1
2126819797,1
3125257100,1
3129281239,2
5162391650,1
7188757257,1
6464537119,1
7188472200,1
9083599767,1
2122344358,1
2154325920,1
2123985901,1
2126866875,1
7207475100,1
5166817600,1
5168831116,1
2123778445,1
9176769582,1
2164964382,2
2033240088,1
2142690538,1
7188910333,1
6019811227,1
7187248125,1
2126149107,1
2124612260,2
2122938800,1
2127037161,1
2129262627,1
2124687779,1
9782628700,1
7188840020,1
7183757100,1
2036183500,1
6316614800,1
7188863165,1
2129578000,1
7183772918,1
3126306913,1
8587043333,1
2122161714,1
3127265457,1
3477709634,1
6468748663,1
2122682730,1
7185566700,1
2125419100,1
9789482340,1
7182685011,1
3472346985,1
3477748500,1
7274611236,1
7184175303,1
2129206130,1
6466959816,1
7188586782,1
7189788352,1
7183203300,1
8454546525,1
7182632622,1
9173399300,1
2122717200,1
2025362800,1
2127086800,1
2122898030,1
569933423,1
7186385000,1
2127554010,1
6173805600,1
9175239184,1
2127490095,1
3053792100,1
8043582020,1
7325146654,1
2125065000,1
7184885700,1
7189402957,1
2126161351,1
7184356060,1
5025618463,1
7184999705,1
2127577560,1
3126128450,1
7188434913,1
9737779696,1
3012023000,1
2122209945,2
5167191000,1
3123609600,1
2026623300,1
2127774400,3
2122136121,1
2129410920,1
2125936700,1
7183091773,1
4256378900,1
6468562049,1
2123665600,1
4159745060,1
7187206600,1
2122781753,1
2123466000,1
3474368333,1
8777378030,1
8778257977 X917,1
9148332600,1
5164968400,1
6468337175,1
2124962089,1
2124765975,1
9178170833,1
7186187330,2
7187840700,1
2129272210,1
7327774617,1
6557122200,1
5853522412,1
2123759500,1
3472622305,1
7189924256,1
2018254000,1
5165655600,1
4073339911,1
7182385138,1
7183353000,1
7182641640,1
6102343202,1
7184831270,1
2128914080,1
2129436576,1
3474363661,1
2024894813,1
2127636958,1
4165580131,1
7188531750,1
7186252080,1
2124185133,1
2126784106,1
8005117630,1
6316980900,1
9738236721,1
2125649062,1
9146101258,1
5619887200,1
5186505618,1
2122834242,1
2126800200,1
5038721300,1
2128703195,1
2125990520,3
2122590580,1
7322488333,1
2122816555,2
2126930085,1
9176878926,1
2129826650,1
2126326000,1
7703508700,1
2124843900,1
7184634790,1
7186388686,1
3123811300,1
3475343201,1
6465027193,1
5512565000,1
7607415518,1
2124779450,1
2128755000,1
8002279770,1
2123436100,1
2017682213,1
8004285076,1
2127300001,1
8452680300,1
2128229514,1
6469260368,1
9176096681,1
7185225900,1
8664464437,1
8457068767,1
9732401800,1
7184990836,1
2082685030,1
7184635757,2
7189936737,3
9173787270,1
2147566900,1
7187865151,1
2122529377,5
7184026719,1
3037710900,1
2129517030,1
2029063000,1
6313921400,1
6469965792,1
7184927464,1
7182346100,1
2127686917,1
2127410100,1
2038547060,1
5163649890,3
2024035000,1
7185398211,1
2122038079,1
7183455665,1
9178256849,1
2129470794,1
7188561123,1
6462707795,1
2125095509,1
5077748786,1
8009287220,1
8664225274,1
7184480010,1
6467065501,1
9147620075,1
3473965967,1
2128076947,1
7182588800,7
9148333000,34
7182669000,2
6073522800,1
1534814814,1
3055992531,1
7189631555,1
7187355500,1
6095814600,1
7184171668,1
7818615500,1
2128361230,1
2124973802,1
7186249915,1
7183617633,1
2126285207,2
2127852860,1
2126481566,1
6462572919,1
7187280724,1
6312777602,1
6316971036,1
3107940155,1
7182256750,1
3476192892,1
2152460900,1
9149492149,1
2127777710,1
2129824613,1
7329878678,1
7188081360,1
2128972371,1
7187265000,1
3033165676,1
9176748269,1
5184624281,1
5168874000,1
7187719000,1
7184567070,1
7185187170,1
9174402292,1
6315896353,1
2059729103,1
2124172591,1
7163663200,1
6319243001,1
2129298320,1
8005235001,1
7182310627,1
3106897704,1
2128313667,1
2129491313,1
2127493656,1
2123431212,1
7182295050,1
9735847550,1
9148726767,1
4158250610,1
2124073417,1
4156444100,1
6464787455,1
8005235367,1
9736998314,1
9253982079,1
8776863653,1
8662262838,1
7182269990,1
2125660188,1
2126957047,1
7404971128,1
2125942155,1
7033734700,1
4048052014,1
7189782809,1
7189382548,1
3129152800,1
7187040358,1
2124770900,2
7187336300,1
4845822000,1
6315865900,1
7139521137,1
9174765058,1
7323261600,1
7188962500,1
2126742890,1
3474324897,1
9142410684,1
7182395275,1
7184772100,2
2125442121,1
2128833550,1
7185973232,1
8455170711,1
7184922100,1
7183178143,1
7183928867,1
7186936060,1
2035594000,1
9142888100,1
8009717201,1
3126461200,1
6463833710,1
2127364499,1
6463146024,1
2013720734,1
7183443200,1
3478552238,1
3013475000,1
9736232999,1
9144522000,1
3476181405,1
9024078150,1
2128939500,2
2123167508,1
2122259200,1
4045828850,1
9176748327,1
5187294555,1
2127083131,1
949 268 1865 X301,1
2159723313,1
2015295585,1
6464930181,1
5127656520,1
7329787551,1
7186262201,1
2122391328,1
2168982400,1
5184636149,1
7188031728,1
2122900440,1
5163348282,1
2124254343,1
6316660200,1
2123606442,1
3148956400,1
2165665500,1
7189480075,1
2128283361,1
2124107900,1
2063909235,1
9176904111,1
7186493488,1
2124263400,1
6098606600,1
6463189596,1
2127554500,1
6465195050,1
2129841777,1
7183763100,1
2126891500,1
4105407712,1
5162214082,1
2123532010,1
2124832323,1
3016340818,1
5168254661,1
5162857500,2
7032300011,1
5163260808,1
2129623820,1
2128473500,1
2125295969,1
9174961235,1
7184391200,1
9546300900,1
7187121860,1
8452159490,1
7182250043,1
8003096939,1
7187427646,1
2126855404,1
8002373101,1
3015560467,1
2129129770,1
7182664891,1
7032695500,1
6317376200,1
2035235200,1
7703100866,1
8008350690,1
7189319900,1
2129406846,1
7183696666,1
2126696100,1
5169675040,1
7184269369,1
2013720900,1
2122496879,1
7189812800,1
8122850886,1
7184444200,2
2015713500,1
2126888671,1
2123369330,1
7575452414,1
7184783848,1
7183690100,1
7187394781,1
2125636557,1
2124768071,2
2122658320,1
7183887992,1
7185998300,1
7188336633,1
7183353361,1
7187896701,1
2123691484,1
2123348700,1
4037171971,1
5163164051,1
7329471265,1
7184613545,1
7189370500,1
5188820001,1
4805385800,1
8452797447,1
2128360748,1
9146683490,1
9164639458,1
9173730860,1
6465960737,1
6466724232,1
2125032850,1
2126259484,1
7182641420,7
6465480100,1
2126978000,1
7189911700,3
5164701824,1
2129310250,1
2127638000,2
7183998210,1
7187296832,1
7325164225,1
8002250248,1
6464240392,1
2123457000,1
7329282000,1
2129411838,1
8135522563,1
7185236868,1
3472313937,1
2125825860,1
6173741300,1
5165695959,2
4088372850,1
2123093400,1
2125295113,1
7186769575,1
6263305803,1
2124306800,1
8002599968,1
2122892878,1
2123695313,1
2123580717,1
2126240159,1
6177424500,1
7189467301,1
7184383535,1
2407519119,1
2125942010,1
9144234080,3
2129473793,1
7187060111,1
7184413100,1
7187619600,1
2038622900,1
2123279302,1
7184071832,1
7187882470,1
2129027987,1
8124821041,1
7184783885,1
6318644660,1
4156784110,1
7182350064,1
5105301963,1
7185840468,1
6468578000,1
8605702372,1
3474032468,1
3028309301,1
7184678800,2
7187466647,1
7185434884,1
3148980500,1
7182929222,1
2129616263,1
2122976400,1
2126941000,1
4084366170,1
7187930200,1
9142628258,1
2129471540,1
2125052100,1
5084299446,1
6464730500,1
2125630280,2
5184620863,1
7188243260,1
2062818700,1
2125704984,1
9735370400,1
6467563300,1
6107042687,1
6156223584,1
2125572445,1
2123551600,1
6268449535,1
5032235443,1
5169326400,1
8017131367,1
7183889407,12
9178333000,2
7188972228,1
2129841418,1
2122450710,1
2123650429,1
9492694700,1
7189974597,1
2122574730,1
7186066161,1
2125028708,1
7187977748,1
7183563563,1
2122792392,1
7189652167,1
7182824705,1
4156764166,1
3109141800,1
9142940043,1
7184395700,1
7188635590,1
2014377440,1
3017188900,1
9085261140,1
2012459554,1
2152992000,1
2013437747,1
7182319800,1
8568584800,1
2032725358,1
7183870229,1
7327402663,1
7184623688,1
8474290691,1
2127694851,1
6315824800,1
6465880053,1
6312856914,1
7187867110,1
None,0
2122439090,26
2125498300,1
7182768200,1
7182220436,1
2126856400,1
3472315588,1
6468725248,1
7185743600,1
2122292819,1
7184032000,1
2177933800,1
4048920896,2
7184609991,1
2012244100,1
7183885454,3
2125921432,1
2126778550,1
7188714301,1
7818751451,1
2125561620,1
8003384204,1
5167593100,1
7578987281,1
7187717720,2
2129979882,1
9147255374,1
3159566100,1
9419281100,1
3474405621,1
7182870037,1
7184397888,1
2024348757,1
7189660303,1
7182088956,1
6462505797,1
2129775597,1
7186364500,1
2127514620,1
2127247117,1
9517192100,1
8478322386,1
2123693331,1
8457245787,1
9176268037,1
6462132500,1
9148936730,1
6465027200,7
2123300585,1
6176199421,1
2167819090,2
6462997793,2
2034251450,1
9176745755,1
8167950700,1
7185275932,1
2126932330,1
2128679500,1
2128704212,1
5853233951,1
7184423101,1
2125926700,1
7186472800,6
9142888139,1
7184382020,1
2125711840,1
9178802284,1
9149800750,1
2127444486,1
7184956210,2
2125290813,1
5163651400,1
7184937400,1
6034311000,1
2122600443,1
7185226630,1
2129375570,1
8453571510,1
7184382804,1
7187670071,1
8007330660,1
2127488600,1
7189168313,1
7186588888,1
7183145812,1
7182322583,1
2128703970,1
7186089170,1
8884368338,1
6463690968,1
8002139246,1
2126723361,1
7186302831,1
8008343102,1
9176586759,1
7189204920,1
7189785800,1
7182772536,1
5169385476,2
7184367300,1
2027755056,1
2123189800,1
7186056201,1
7187868667,1
2123486000,1
7816747780,1
2129350222,1
3478271372,1
3126290136,1
7188526004,1
2122390904,1
2129263283,1
7036576133,1
9172999211,1
7183280313,1
2122259725,1
2126971811,1
5166810562,1
9783566500,1
7184397550,1
4809052000,1
9149622890,1
9732233597,1
2124277900,1
2128250028,1
3475082355,1
7188508070,1
5183710799,1
6466047640,1
5867833400,1
7183701088,1
2125322322,1
9147220042,1
2123438624,1
7183232622,1
2068782459,1
7189266224,1
2129798800,5
3123722000,1
3477676558,1
5184635449,1
9144482266,1
7187511700,1
5169446497,1
7184343266,1
7184535001,1
7188325700,1
7188190190,2
7183258056,1
7187623822,1
7323831950,1
9193382639,1
7183170101,1
8663578664,1
2127581340,1
2123738751,1
8472721242,1
5169217100,1
7183839900,1
3474478460,1
7189373171,1
2127928702,1
2128088100,1
5163582533,1
2024084600,1
2122458132,1
7183602906,1
2127957522,1
7187743330,1
7037245423,1
4252421320,1
2127361100,2
9087891600,1
6463157000,1
2819301200,1
7182372261,1
2123001600,1
2122812714,6
2036256601,1
9293864556,1
5165465700,1
7185392388,1
3125956000,2
7189410404,1
5163712622,1
7184550197,1
7189211868,1
3105758801,1
7183275919,1
7036844016,1
2127106026,1
7182630740,1
7187060253,1
2122430725,1
5169380600,1
2124173828,1
8563031101,1
9175824256,1
6462933600,1
2125667855,1
3472688639,1
7182066000,1
2127327732,1
2123853030,1
2123199269,1
2122736100,1
3107090390,1
7184540255,1
9172615809,1
2125348503,1
8623681562,1
7039848400,1
2129872041,1
9143048300,3
2123330745,1
9172616623,1
5168359918,1
6265682792,1
7183105600,1
2125597475,1
7183774040,1
4089961010,1
7189539011,1
2122604780,1
7187454643,1
2127570915,1
2125331200,2
7184138031,1
7183886465,1
6469628290,1
7183780100,1
8002959556,1
5046286300,1
7188614606,1
7182372017,4
6315896343,1
2126293650,1
7184848855,1
7186363944,1
7184120118,1
4093700422,1
7186544775,1
7188039788,1
8474656000,1
6462919010,1
9176184789,1
2126845500,1
6463032811,1
914.563.1979,1
9082452181,1
7183459500X305,1
7189670400,1
2126010002,1
8585583600,1
7183873600,3
2123899327,6
7187212437,1
7182294300,1
2127778866,2
7186240244,1
7185454040,1
3479228122,1
2126643919,1
7188503083,1
7186933699,1
2125711690,1
7187871100,1
7186253685,1
9179398647,1
9734833200,1
4158218582,1
7184981000,1
2129471066,1
7189954210,1
8663879139,1
7187030009,1
7185881000,1
6465044582,1
2122895940,1
2122208251,1
6513515762,1
2018169600,1
3473884714,1
7325129100X209,1
6318630299,1
4109913556,1
7182187254,1
7185895470,1
7186761725,1
9178258512,1
7183868200,1
7188052100,1
6463911984,1
6318079555,1
7182054855,1
3124602443,1
2123496460,1
9172958275,1
9176346755,1
2125157000,1
7189932789,1
3472670263,1
7184946777,1
7188338216,1
2143461242,1
8453368111,1
9736438588,1
7322832647,1
2019681000,1
7185262500,1
7189845826,1
2122606200,1
9088500303,1
3122749000,1
2128894045,1
8608155352,1
2124820001,1
2672957760,1
2147417744,2
8008774253,1
7186581814,1
7189724446,1
2129813933,1
3308995100,1
7186445440,1
2066247850,1
7049108400,1
7185794420,1
9196888600,1
9145172623,1
7708592200,1
2127508300,6
7188547777,1
2125752701,1
2122813361,1
7039955998,1
7182292829,1
7187317400,1
2123673000,1
7188510123,1
2124655000,1
2129521111,1
8182309700,1
2013373833,1
7182345700,1
8623455000,1
7032043800,1
7183740002,1
2012883700,1
9146976822,1
7184416050,1
2128703505,1
2038527171,1
9175040882,1
6462358225,1
6314672500,1
7186274300,1
7188468150,1
8453534040,1
2125995470,1
2123493724,1
2129664056,1
2126168470,1
6467390030,1
4159838297,1
6463989062,1
2024192505,1
6123339012,1
2124539559,8
7185627055,1
7183100471,1
3034495692,1
5084970936,1
7185422944,1
6177267250,1
4052329800,1
8007526096,1
7186045283,1
7183596080,1
7182549134,1
2129280150,1
2122740056,1
2127631265,1
7186100002,1
2128707707,1
8007833100,1
8646722780,1
6148416400,1
2127671300,1
2122046288,1
2123028876,1
7187293880,1
6308219674,1
2126658277,1
3479037847,1
2123027433,1
7182460870,1
2017610025,1
7184511300,1
6097226600,1
7185062287,1
6317371133,1
9143746051,1
9149350000,1
8773452838,1
9082724010,1
6463670584,1
7184109200,1
3475598811,1
5162148103,1
2122656530,5
2125332848,1
3015906500,1
7185387272,1
6469579525,2
2124313609,1
7182848147,1
5137723066,1
8583804800,1
2123183183,1
7189932280,3
2126049360,1
3123477954,1
2129665881,1
2125949717,1
7184839290,1
7182368300,1
6178642076,1
6107835200,1
2127050150,1
2124816868,1
2127660200,1
2122449442,1
7184828600,1
7186340301,1
2123851170,1
7187233967,1
7185585858,1
7177743339,1
7326610001,1
7136369514,1
7189402200,1
9544573330,1
2126828383,1
2127973544,1
9173303737,1
9735740000,1
7188424492,1
6466025601,1
2122260130,1
7183760999,1
7182563445,1
2126874050,1
2126634000,1
8447233692,1
7185855522,1
9734037993,1
9733732221,1
7818503335,1
7049983245,1
2124142462,1
9199677221,1
2127471997,2
3473686033,1
2129670322,1
9702230703,1
2018431364,1
2127491820,1
7329875252,3
5167755659,1
7189630192,1
6108283200,2
7185995381,1
8003624308,1
8609569700,1
6462029450,1
3407753330,1
5184335213,1
8043568635,1
3108713055,1
2125207855,1
5127845881,1
2125777705,1
7189336935,1
7183804546,1
2126289090,1
8584563511,1
7188348794,1
8162293800,1
7182927015,1
7189614100,1
9738382244,1
7188603220,1
2128703318,1
2122449050,1
6317524435,1
7323823000,1
6465924400,1
2123370400,1
2128662600,2
3476801688,1
7187860543,1
7183458600,1
7183838585,1
7188843400,1
7186865926,1
7187384280,1
2626919336,1
7733806600,1
2126793909,1
3475900940,1
9145397067,1
7188550700,1
2122263970,1
6467062255,1
6464870103,1
7188929500,1
2022231854,1
2123724813,1
7187293018,1
2017911691,1
9142826635,1
7184487000,1
2027144576,1
5037990915,1
8886163545,1
7322929100,1
7173798608,1
7185321800,1
5168697266,1
6463993161,1
6465098219,1
6316306700,1
7183587894,1
9518268312,1
7188861207,1
3479211815,1
8569646456,1
2066223150,1
7189456262,1
4356557743,2
7186240595,1
2036623456,1
7184655600,1
2033243711,1
9179744550,1
7187400416,3
2122182724,1
7182603600,1
2124759585,1
2126959530,1
9176535965,1
6466578075,1
5167145458,1
7184264963,1
7184527700,1
2128176700,1
7185968300,1
9739982500,1
7182304825,1
8448485955,1
9806890029,1
7135703000,1
9725246050,1
6179954231,1
5612315770,1
7182923500,1
8004920255,1
2125900800,1
5169925304,1
7182060125,1
9149689200,1
5106582507,1
7187783700,1
9176562234,1
2122544218,1
2122942940,1
9149807940,1
2123124233,1
6179519400,1
6317615555,1
6109952500,1
2122341036,1
6122389500,1
2124512500,1
2126639090,1
9082762776,1
2125032100,1
2127697000,1
5149546722,1
9178870744,1
2129626307,1
2129732900,1
2127414520,1
2129613393,1
6466139633,1
7183880748,1
2403950550,1
2126799800,1
7182933100,4
7182047088,1
2146618110,1
7188322931,1
7188420256,6
5163435050,1
7187882000,1
2023477170,1
7183808882,1
2127877120,1
2034226571,1
6508663100,1
7182405741,1
2124319476,1
8003457606,1
6462233000,1
2128284848,1
2122185150,2
3202530800,1
7184021076,1
2123060100,1
5168817965,1
7186255505,1
7185947895,1
2128864585,1
2122259999,1
8452280242,1
9172975750,1
5163652028,1
6468676102,1
7183843720,1
9172887600,1
2122569036,1
2127878302,1
6782775133,1
7184481900,1
8556342754,1
9083592600,1
7169893330,1
7186378641,1
7185264848,1
7184922525,1
2127328720,1
7186778190,1
2128943366,1
7183147669,1
8047750317,1
2127599001,1
2123554628,1
2123681291,1
2106418414,1
7186277680,1
7187450020,1
2129955000,1
3139193014,1
7189062000,1
3109542220,1
7184991234,1
8009925350,1
7186252200,1
2127299040,1
6174945100,1
9175950776,1
5184384195,1
7184733808,1
9173281067,1
9497831000,1
2125942700,2
2126785660,1
7186307047,2
2123538280,1
9733999810,1
6463559782,1
2128425300,1
3477822897,1
2127360111,1
2125194433,1
9088510014,1
5714143707,1
5712440125,1
9197677635,1
5163163975,1
2124713500,1
2125292861,1
7185442051,1
8664117233,1
7737895444 X102,1
7187670484,2
5162391600,1
3059786426,1
7188988500,1
2127490291,1
5853817000,1
2126087611,1
7189238400,12
7036469875,1
7036367370,1
2123252000,2
9176864403,1
6174960867,1
9175171839,1
7186581563,1
3054967208,1
7188754599,1
7183833935,1
7183698900,1
7187835383,1
7138402700,1
8179671234,1
2122462494,1
2129955600,1
7188520286,1
2122881919,1
7184452811,1
7182587767,1
2033242000,1
9174524400,1
3123990680,1
7186402828,1
7819150040,1
2035805480,1
7184655066,1
6178757434,1
8662667803,1
4156166060,1
6314472442,1
2123182000,1
8662122822,1
7186998886,1
6098591997,1
7188029333,1
6465595732,2
9136615536,1
7184270670,1
6098598400,1
8664378725,1
7188459443,1
2122216803,1
6316432605,1
2124061801,1
7182224401,1
2126834486,1
4135924791,1
2123624020,1
7183466500,1
2122487401,1
7188460689,1
2122343878,1
4045225766,1
8664559430,1
2165736886,1
2126324206,1
2159388899,1
8453047763,1
4108373234,2
5184624620,1
6467754851,1
2124072400,1
7184467000,2
2124197748,1
2124912541,1
7187453400,1
9143376357,1
8773797376,1
7189771015,1
2123070388,1
2065471167,1
3019180311,1
3392034700,1
7184643200,1
7183632300,1
2126939523,1
9734592768,1
5594768000,1
2126150560,1
7038605050,1
2129354990,1
7187067755,3
4156884573,1
2027758116,1
2158950864,1
2125131988,1
6105672387,1
2164680055,1
7186457010,1
7184310301,1
6093924200,1
7186251501,1
7187377373,1
9736328776,1
6105262700,1
7185629071,1
8774387459,1
2125944374,1
2122791981,1
7184391400,1
9142200900,1
7183594300,1
8054102469,1
7188938600,1
7182592828,1
2156652000,1
8455179290,1
6316541341,1
3478107430,1
2125359400,1
5169384300,1
9173108722,1
5184279840,1
3474041458,1
7608878937,1
2157504285,1
7182781100,1
9172678534,1
2128097074,1
9173404701,1
2125007218,1
6468521165,1
2127816580,1
7182741612,1
2123193633,3
9179297244,1
2123098256,1
7185136230,1
7183527900,1
2122740070,1
2129912610,1
8047753824,1
2035520888,1
2124024100,1
2036180065,1
9175729191,1
2038695515,1
6317898811,1
6099246409,1
7246461895,1
7187231800,1
8777402129,1
9784219319,1
2124819740,1
7324309020,1
3474084247,1
7183764036,1
2127149153,1
2123665337,1
9175656767,1
7183046384,1
8002588503,1
6315898600,1
2126476200,1
2126432640,1
2125703000,1
2126755544,1
9147411112,1
7185888200,2
2126629125,1
6319280220,1
7188598448,1
3122368888,1
7184013200,1
2128232020,1
2122149266,1
7183663800,5
9142877703,1
7186421450,2
2034227700,2
5168251627,1
7189634594,1
7182041760,1
7186188978,1
5168032387,1
5166166026,1
7184976090,1
2033233350,1
7188473904,1
2129986730,1
2129476147,1
2128220524,1
8883182665,1
2128740300,3
7183287226,1
2012424800,1
4087761645,1
2125439383,1
2039640096,1
2123631111,1
7183894530,1
9172025390,1
7187694592,1
7326791800,1
2124534555,1
3014324721,1
3125824862,1
7186091700,1
7183361981,1
7182728600,1
2123891500,1
7165623404,1
2129330396,1
6319814400,1
3016500059,1
6468803295,1
7184349440,1
7182317711,1
7188211708,1
7184543036,1
6504887778,1
2122338955,1
2129123661,1
7182337800,1
3475979309,1
9149673494,1
2122552950,1
2122130755,1
8008726611,1
7816473700,1
7188822900,1
5168773000,1
2013297200,1
7186587900,1
5163654240,1
7187430575,1
6176737000,1
9082587943,1
6319103182,1
7186437361,1
7188840700,1
7187688851,1
6467034045,1
6466654689,1
5108934180,1
2125056633,1
7184330900,1
6097993535,1
6096310700,1
2124778370,1
7186239803,1
7182258044,1
2128736000,1
9174384500,2
2122792080,1
6464057382,1
7182718182,1
6516877000,1
7182604600,1
7185470000,1
3032247734,1
7186227273,1
5165235255,1
2125870587,1
7182929321,1
2025364120,1
3472685979,1
7187623200,1
2122290101,2
2128971975,1
8503863191,1
9734672200,1
7327103950,1
3478134053,1
5184745661,1
9726413690,1
9175098445,1
9172993970,1
2127416591,1
8453580118,1
5165572325,1
3037703700,1
7037424200,1
7187251240,1
7187103062,1
3239352234,1
2127364444,2
7183683200,1
3125066500,2
2129326854,1
3478897041,1
7188868266,1
6109759546,1
5184294896,1
2129731339,1
3156719132,3
7184355755,1
2126951000,2
7186537766,1
8883991995,1
2129205345,1
3107520200,1
7185919800,1
7184388260,1
2125059555,1
2128095508,1
7187881775,1
6094529700,1
3478060681,1
5167460707,1
8772898340,1
2168256710,1
5164727002,1
5708223104,1
6174673000,1
7189637020,1
9149650122,1
2128125700,1
9404845300,1
7183473276,1
7188451700,1
7184398646,1
6093937555,1
9492618888,1
2126616624,1
2125835000,2
2129419400,1
7189777348,1
6465713086,1
2127471117,2
3472403926,1
6462173379,1
2122602550,1
7189871234,1
7187284164,1
7184362122,1
2012227769,1
3478414410,1
7182051919,1
6314211500,1
5166818700,1
9173626719,1
7182643860,1
2127993000,1
7183870404,1
7188997590,1
7182321555,1
9706693050,1
7186382059,1
2023620700,1
8453048344,1
2124921400,1
9736663143,1
4407885000,1
6317890998,1
8028466200,1
7182895461,1
4152028888,1
6174492828,1
7184376101,1
5168690025,1
2126950700,1
2129471471,1
7186702877,1
2103867340,1
7189671000,1
9738907300,1
5162948550,3
7183455000,1
7183601707,1
7182987800,1
7184729500,1
2122133336,1
2129833930,1
2033335503,1
2126127900,1
2122263737,1
6314915210,1
5163142773,1
7183801978,1
2122448878,1
7182205116,1
9493258700,1
7188453074,1
7188719888,1
9177538363,1
7325489700,1
2122960307,1
2126446200,2
9146985020,1
6093717990,1
2023339000,4
2122310095,1
7187619380,1
2129815600,2
8007269891,1
7185896547,1
3478505209,2
2037082534,1
9294270760,1
2157172320,1
2126835545,1
6312346565,1
2122263100,1
2125773300,1
7186361000,1
9179818085,1
9083555800,1
4076741266,2
2128881500,1
2128043900,1
5169358747,2
7182373034,1
2129676730,1
7185223700,1
6317777797,1
6175890230,1
7186468500,1
7182365266,1
9785022845,1
9786460000,1
7186081508,1
5162486922,1
7185761471,1
9177530446,1
2125234728,1
6316915000,1
2122546670,1
6063096855,1
7852360633,1
2123370001,1
9149243065,1
2124477300,1
2125340887,1
9176589677,1
7182350805,1
8455614700,1
2129946060,1
3477488023,1
2126725080,2
2019536400,1
7032469360,1
7187291260,1
7186487165,1
2127320054,1
2123389020,1
7188475352,1
7187069900,1
7183662090,1
2125542250,2
7186134003,1
2125375100,1
7184332300,1
7043772536,1
7186475120,1
8002687737,1
9099443181,1
7323257935,1
9173702629,1
2126056000,1
2122280662,1
2127242130,1
4106439001,1
7189654795,1
7185414378,1
7185259620,1
7189835351,1
6468104145,1
5086141021,1
6268449400,1
9178078172,1
5166260379,1
2124919640,1
0966900,1
7185309255,1
6462374615,1
2122106622,1
7038363600,1
6265780777,1
7189238405,1
2127326100,1
8007757930,1
9179911005,2
8453570170,1
2126336900,2
6178591500,1
7185766994,1
3476743005,1
7189654736,1
2122203841,1
9179214213,1
7188323332,1
7183496235,1
7186599165,1
8136733130,1
2019431500,1
7189656150,1
7183900070,1
7183846606,1
8663023941,1
7182490755,1
2123301000,1
8003425454,1
9148744578,1
7184617333,1
9046192356,1
2128682526,1
7184154452,1
9737594332,1
7184483900,1
6465153581,1
5164923114,1
2129573331,1
9144327639,1
2124628500,1
2123727382,1
7183772900,1
2026754223,1
6179263400,1
2124270320,1
7182926400,2
7184325044,2
3478362686,1
7325539100,1
9178468120,1
7183451900,1
2124971400,1
5162207966,1
4435435622,1
5025099774,1
9737740030,1
6312209532,1
7183865556,1
2127619056,1
2126904370,1
7345251501,1
2126276252,1
7185996775,3
2122790550,1
7032437100,1
8006697076,1
4806861869,1
7186581199,1
9179833092,1
3479224800,1
7187200710,1
7199899801,1
2128013300,4
9195417397,1
7187280600,1
2128228319,1
2122705906,1
2122600040,1
2122437404,1
2122834731,1
3127825800,2
7187468000,1
7183578900,1
2122296089,1
2127695090,1
2128221000,1
2129042000,1
7189484800,1
2124559400,1
2019783441,1
7048442415,1
7329956907,1
7188311933,1
2126967512,1
2017681975,1
9175202156,1
5162567460,1
7188926090,1
7819383800,1
8003401006,1
3474737400,1
2122421100,1
9736617090,1
7188633813,1
6468727376,1
9732166739,1
7633154920,1
2122204200,1
3474917776,1
2018743736,1
7182562099,1
9199546333,1
7189664500,1
5167539350,1
6463720932,1
7733212636,1
2123375600,2
2126651600,1
5166719300,1
4109625075,1
2063815600,1
3477392233,1
9086309600,2
7185420006,1
2126914100,1
2126796150,1
7188523000,1
7189610246,1
2103424960,1
6312661211,1
2124007043,1
3147211900,1
7185934121,1
6172610777,1
7189829274,1
2125327776,1
7188887679,3
2125955200,1
9172174488,1
8002357421,1
7189793111,1
2124322848,1
8005980635,1
7182189010,1
7186332605,1
7037097119,1
6123437660,1
2152712510,1
2126866827,1
7165156014,1
2127502266,1
4152834970,1
2126865794,1
2129918855,1
3109540414,1
5169217030,1
7187972888,1
3475921131,1
3478701903,1
2124177064,2
7184264430,1
2122397323,1
5163966700,1
6175895111,1
6464390191,1
4153623484,1
2123509900,1
3025733570,1
7183583377,1
7187842240,1
7186253939,1
7182953100,1
2122070301,1
6315319292,1
2125631559,1
2123684194,1
7168177800,1
7325768171,1
6467673282,1
7185681801,1
5183488575,1
9177196508,1
7187965300,1
3474539401,1
7189878111,1
9293120180,1
9737320656,1
2027799043,1
6467390403,1
8622024231,1
9173718878,1
2125426034,1
2124794043,1
7186264500,1
7187400442,1
2129717600,1
7185835150,4
9082554215,1
9146677227,3
2124149414,8
3038257000,1
3157012380,1
5165941500,1
5163740800,1
5162396061,1
6462398730,1
7186435627,1
2122060722,1
7042918300,1
7182383308,1
8002458584,1
2128306300,1
2123332552,1
5083846151,1
2122637300,1
3474186534,1
2122191618,5
7184389822,1
3477618678,1
7183528972,1
7188942000,1
7184433917,1
4342933909,1
7184498497,1
7177637211,1
3475122933,2
7187923688,1
6469812290,1
7183780400,1
2129622826,1
7038718505,1
8453580350,1
5013922901,1
3056701101,1
2127274200,1
9142880805,1
5164503120,1
6464754868,1
4403668225,1
7328416358,1
2127553265,1
2127818331,1
2126960670,4
2128802835,1
2033417800,1
4806272700,1
2127252727,1
2156574900,1
7188564064,1
2124138426,1
5186943905,1
3132712660,1
2122161721,1
9179121459,1
7186438258,1
7182962008,1
7182960999,1
2149329600,1
7185277823,1
6462213568,1
7186586644,1
2153994590,1
6317674614,1
5165865520,1
2126911911,1
7188999060,1
9736272100,1
4159979038,1
6463343627,1
2129827571,1
7187038441,1
3108184600,1
6318647111,1
6783857579,1
2125644080,1
6468873457,1
4023466000,1
9732599500,1
2129262234,1
6175483341,1
8164215848,1
7184378842,1
7182749572,1
7183671900,3
7182439301,4
6316650429,1
5163644251,1
7188502934,2
7182332949,1
5163268700,1
2125514500,1
2127660797,1
4152177030,1
7183280300,1
7189726600,1
7187842880,1
8457830573,1
6463985041,1
8452911751,1
2122450010,1
3475386089,1
5166396700,1
8586881177,2
3472570068,1
7188530900,1
7187456742,1
6037499102,1
7188287301,1
2125931000,1
9146377244,1
7184284500,1
6465184043,1
5169325506,1
2126830045,1
9174644577,1
9176858408,1
5163266001,1
6096725921,1
7817362121,1
2123722198,1
2128310650,2
2126651100,1
8666527436,1
7183290600,2
7033563333,2
2124314901,1
8009667483,1
2122811444,1
2127773788,1
2128331460,1
2122397500,1
2123541293,1
7183218652,1
3475291700,1
9144244075,1
6147646000,1
7188511212,1
2128770270,2
7184304665,1
9146655800,1
7187382252,1
2125003000,1
2128622090,1
7184534617,1
2025952964,1
7189780800,1
3474106919,1
7188557600,1
8455861400,1
9174880198,1
6462936935,1
7327922112,1
9177273833,1
6029995916,1
3474956258,1
2124590600,1
5167856581,1
2126631975,1
2126210241,1
2127215500,1
3146470600,1
6467589675,1
3178945508,1
2125348750,1
2123507650,1
7032393776,1
2128610404,1
2123366847,1
2127535000,1
6464350075,1
2122437360,1
7182764630,1
7182405186,1
2126916590,1
2126743500,1
7186513551,1
2018272000,1
2122555404,1
7182387676,1
7184931100,1
2126330800,1
7187825560,1
2013721000,2
7183617848,1
9174064404,1
9179689910,1
5136086033,1
7189245758,1
7187404547,1
3474085345,1
6464503715,1
3479263451,1
6468792425,1
7189213737,1
5165784632,2
2128093900,1
3476406222,1
7186513484,1
3127687800,1
2129779700,1
6313707823,1
7184652230,1
4157287273,1
2127269090,1
2124890600,1
7188889878,1
2122333538,1
9146366600,1
2018438070,1
8004771227,1
2122906323,1
5184653591,1
6319217528,1
2127515252,1
7185255318,1
2036250770,1
5168681400,1
2126758051,1
5164328671,1
7183870500,1
2125862330,1
4154591570,1
3124991952,1
2124602060,1
7187390902,1
2125467500,1
2122600666,1
7184399163,1
7187882676,2
2128085220,1
5183712790,1
2125910636,1
2123690058,1
7185316600,1
2129915100,1
7189010140,1
9198562360,1
6463740077,1
8667501156,1
7186869600,1
7189619841,2
5182504189,1
7183896100,2
8173041854,1
2124940061,1
7189300693,1
7184487774,1
8003568000,1
7184637074,1
6462334507,1
9736848400,1
7326812173,1
6173483707,1
7819079114,1
2126954564,1
2123156400,1
6108310222,1
3304058080,1
7189204321,1
2126639732,1
2126251828,1
6103264900,1
7183262200,1
2125632575,1
6102196300,1
2124891983,1
7183785600,1
2127877070,1
7183925100,1
7323241144,1
2126669220,1
6502341200,1
7188572559,1
4102801100,1
6177204498,1
9128802035,1
7182605025,1
9174184419,1
2124970600,1
7184855515,1
2127363680,2
8003346283,1
8565471600,1
9178305731,1
5163417218,1
2129776500,1
6462574144,1
3475055411,1
2129408800,1
9202367272,1
7184318938,1
6786946000,1
7182736300,1
7185198884,1
7036209840,1
7182359727,1
2123764500,1
6502416600,1
2124881750,8
6462007118,1
0705250,1
2124310696,1
3104441822,2
2128457500,1
7186532900,1
3103374400,1
7189340075,1
7187888500,1
2124491000,1
2122276601,2
7183534388,2
7322496242,1
7182667480,1
2122134060,1
6463020694,1
7184475161,1
7187288600,1
2037423600,1
7182706017,1
2123028800,1
9179032648,1
2123429352,1
2126773009,1
2127761919,1
2122926733,1
2012519000,1
7188946184,1
2127086600,1
6463934000,1
7189918400,1
2128701100,4
7189670359,1
2126274600,1
3103564840,1
2124529552,1
9176474999,1
7184398500,1
7183653725,1
4804831199,1
7184161832,1
2126073300,1
2128453821,1
2122932809,1
3475787900,1
6462965981,1
7188058893,1
7183698300,1
7188228232,1
7184839999,1
7182549782,1
2013780099,1
2123493900,1
5163262828,1
2125296445,1
6092355373,1
7189631212,1
7182188836,1
2127798600,1
6317605205,1
3474897657,1
7184356906,1
7324471100,1
7032060030,1
6464537700,1
7189018572,1
2122471717,1
7186584091,1
2123483409,1
2129847379,1
8454521200,1
6317345515,1
7186982791,1
2122901444,1
7182460146,1
2122191953,1
2126324426,1
6179515000,2
6319529900,1
7184176770,1
2126165810,1
2125410750,1
7188161230,1
6464354892,4
4107726006,1
3156388876,1
2127816910,1
416297851,1
7187680591,1
7185854177,1
2124753070,1
2124212700,1
7187327523,1
2124373940,1
6506240525,1
2127855702,1
8502195000,1
7033513193,1
2124007044,1
3478897719,1
8007249853,1
6035948585,1
3477911175,1
3854341534,1
2126949200,1
7048057200,1
2124081920,1
2123677100,1
2122802572,1
9143165221,1
7187280870,1
7182971792,1
2127954444,1
7323350059,1
7187871900,1
7186283102,1
966900,1
8188454444,1
2124976509,1
2123336591,1
8043534500,1
7187830202,1
9167823118,1
7186492295,1
2126912440,1
2124314318,1
2129450088,1
2122822230,1
5167309302,2
2129293330,1
7183512705,1
7183737046,1
7182560050,1
7814876554,1
4752387082,1
9149395500,1
2126252820,1
2123545656,1
7183846992,1
7182240070,1
3036635900,1
7187482244,1
2122521619,1
8006255468,1
9735082792,1
7185961993,1
5165863410,1
7188586631,1
2015249600,1
6144614664,1
2124462600,1
7183381729,1
4697540690,1
6468131314,1
2129211122,1
2127801450,1
2129130828,1
6463584358,1
2126338588,1
8453528200,1
7187881040,1
3473236980,1
7185700396,1
4142712400,1
3017680102,1
2128317272,1
7183323974,1
2122604080,1
7187864730,1
2128094675,1
9172821916,1
6312492211,1
2128408005,3
7182413172,1
5188134383,1
7186697373,1
7187712981,1
9176459200,1
7188291706,2
7182409300,1
7186242993,1
9176081663,1
7188473400,1
7166340700,1
7189474022,1
2122789000,1
3476955323,1
7188781050,1
7182712294,1
2124735746,1
7326401288,1
2126925554,1
7182255502,1
9736257721,1
7188552300,1
2034629489,1
2173984868,1
7043346475,1
7186395880,1
2125332541,1
7189981415,1
4752274840,1
2122323333,1
7328878554,1
2125868616,1
7184539490,5
2128137000,1
6462173386,1
8888312455,1
2127640218,1
6463705300,1
2129268301,1
6317921620,1
7187465900,2
6174570400,2
7183818181,1
2122014804,1
2124319700,3
7184724101,1
7186653555,1
7188525210,1
7185201324,1
2126297265,1
7186146045,1
7182946840,1
6314677766,1
3477631698,1
7185455728,1
8004215354,1
2122804473,1
7185252154,1
2128454400,1
2123917500,1
2124235500,1
2038559897,1
2124272244,1
7184440101,1
8663100183,1
2148715200,1
2125056050,1
5165047000,1
7184605600,1
9147884165,1
6314221268,1
7185991145,1
2013157515,1
9734104040,1
7188340600,1
3016578311,1
5184561134,1
7189987744,1
6466199640,1
6462445306,1
2125136305,1
7182224441,1
2126619715,1
5184630300,1
7182902700,1
7184858550,1
7134392000,1
7186331178,1
2126209110,1
9083553250,1
7188212221,1
4155616400,1
2129724788,1
7183390280,1
4012926254,1
3479343503,1
2126952460,1
2003008100,1
3472102963,1
7184948973,1
2134301896,1
8167656600,1
6092734680,1
6467264299,1
7032534402,1
7187846173,1
7182430820,1
7189658951,1
3477637051,1
5124784397,1
7184821911,1
8002373928,1
2129209251,1
2123549240,1
2123988886,1
9146930600,1
7189467544,2
2126929727,1
7184654148,1
2127563945,1
2123523307,1
2129426757,1
7188552551,3
7187402557,1
2127799772,1
2026293377,1
7182648748,1
3478421273,1
7182952740,1
5167392000,1
6153200055,1
7183436400,1
2127163697,1
2129246744,1
8669254844,1
2063895300,1
7183496085,1
2124317500,2
8557110118,1
5162992523,1
7185291540,1
7184788274,1
7188887871,1
7182173802,1
2128729800,1
7182765633,1
7189350986,1
2123008000,1
2128676000,1
9738084090,1
2122740986,1
7186242999,1
7187014055,2
3346715532,1
7186487703,1
6464428989,1
6318683465,1
2113601399,1
7184188446,1
2012423800,1
7182204500,1
7142382000,1
9146687600,3
2128218110,1
6315845492,1
7182745000,1
7182836000,1
5129202322,1
9177163159,1
2127421478,1
2124579637,1
2018172001,1
3475938369,1
7188574657,1
5086612229,1
2123983073,6
6462141076,1
9735317663,1
2125214800,1
2126654256,1
2127802300,2
2123690300,1
7183676111,1
7184859553,1
2128892530,1
9179525287,1
2165220330,1
6466196400,1
2129823877,1
9166867928,1
2028796844,1
2127498400,1
7737167726,1
9739949220,1
8135525000,1
72345134,1
9147472800,1
6465198341,1
7188052052,1
7183801900,1
2129160840,1
2129221080,1
7184844480,1
7188770854,1
6465356535,1
2125755300,1
6097048650,2
7186658400,1
2126700037,1
9147299816,4
2127594433,1
7185925000,1
2129603613,1
7188324705,1
2125939480,2
7189666531,1
7182224986,1
2015419121,1
3475655481,1
2123445878,1
2127887900,1
7185833992,1
5145463221,1
2027295219,1
2124273000,1
7187390520,1
7186802618,1
2127573318,1
2485931500,1
3304979396,1
7189847483,1
6315631110,1
7186834502,1
7189201469,1
2124224430,1
2124059000,1
2125945075,1
2036838990,1
6463007171,1
7184585800,1
7183835372,1
2014898700,1
7047731415,1
5162800285,1
6465764022,1
6466440449,1
2166895270,1
2122691313,1
7184848248,1
2122814887,4
7183764400,1
6465739588,1
5184366000,1
2126882550,1
3477508154,1
9178737603,1
7182656460,1
2126490600,1
2125541700,1
2033884220,1
7186491666,1
5168808170,1
2126826652,1
8607238600,1
2018675070,1
2127496200,1
9146688881,1
9146239200,1
7182887387,1
6465204464,1
2127177700,1
7325607900,1
5166742964,1
2125682030,1
7349961361,1
9087074100,1
3475938255,1
2127657677,1
3037669199,1
8772073127,1
2125717717,1
8007453623,1
2129160860,1
3127594000,1
8005476747,1
2128802806,1
7185390732,1
6463804253,1
5169320625,1
7188547344,1
6466398657,1
7187079700,1
2125666700,1
2126835680,1
7188240630,1
7188372800,1
7184872305,1
5186891400,1
4432570086,1
9174920990,1
6097595100,1
2126123250,1
7185993718,1
2128598000,1
3175666211,1
7187681818,1
2127463426,1
9737382433,1
2127981262,1
7183431346,1
2129221001,1
2128794900,1
2125299780,1
7609759750,1
2126903784,1
6463725887,1
9788514346,1
7183559660,1
7322900700,1
9174347562,1
2016473989,1
7324940007,1
2145960601,1
7189816226,2
2027295329,2
7183527273,1
7183665365,1
5635568120,1
7184365555,1
7188824000,2
5184654747,1
5184341900,1
5184498893,2
7187314166,1
7187886604,1
2129841900,1
9142353200,1
8889686822,1
2127773017,1
2122849247,1
7182328155,1
2123711000,3
2159228080,1
7183885500,1
5167662770,1
2126478966,1
6179011437,1
7185188000,2
8665700434,1
2129226030,1
3479134421,1
6468375647,1
8042542600,1
6464738326,1
6462031202,1
9176427845,1
5035408114,1
7182397342,1
9174037664,1
7188182400,1
8004674448,1
7183923405,1
2123784095,1
7184128166,1
7188887120,1
8002619964,1
2124809900,1
6466825513,1
7186396910,1
2126759234,1
2125290900,1
8452670453,1
7183815095,1
646.354.8962,1
7182785600,1
2122268461,1
2129053900,1
2124007000,4
6462927721,1
2125987200,1
2129440564,1
8188476180,1
2126893110,1
2126872121,1
3037792610,1
9174420772,1
5168274900,1
5852641044,1
7183271141,1
2127366618,1
2122749468,1
4323635377,1
9146867102,1
2127098176,1
7189799084,1
6316614023,1
6465571553,1
2125375780,1
3475922186,1
2127570981,1
7188811010,1
2126205583,1
3475055000,1
2122061560,1
9174206005,1
7183244461,1
8453536400,1
2013901823,1
7185929700,1
5184321233,1
9147889622,1
2699324502,1
7182997000,13
2122352191,1
7189619400,1
3472718257,1
6318421700,1
7185973134,1
7189565945,1
7186867114,1
8587648400,1
2017910075,1
9149458000,1
2126873131,1
7183881395,1
7188531408,1
6108184640,1
9142760777,1
6106171052,1
7189452800,1
7814193900,1
7182763722,1
6177284446,1
6173751500,1
2122444664,1
7186761610,1
9176125469,1
2157819255,1
7275813593,1
2127979000,1
2125725500,1
6175051098,1
2127926241,1
7184910642,1
8005390220,1
9172500389,1
2128032850,1
9178814483,1
2122061090,1
5615986700,2
7188467300,1
6175316300,1
5035754850,1
2127308915,1
7187292501,1
3366430607,1
5168833200,1
6316943900,1
2123608203,1
8003455946,1
4198689370,1
4163635854,1
7188212200,1
7189567244,1
7328889336,1
2123733000,1
2126523200,1
9178422779,1
2134861348,1
2037776611,1
6109324006,1
2162914158,1
2149563001,1
8882657641,1
2123671248,1
7188430914,1
6462984116,1
7186875800,1
9737339335,1
9178466880,1
7188987022,1
7182993819,1
4102188451,1
7188522650,1
7186061818,1
7185934528,1
3153385818,1
2124072411,1
9149651500,1
5122389974,1
2122286341,1
6462752597,1
7189359923,1
2126291089,1
4134997924,1
2126834832,1
7186011483,3
7183277755,1
6467383059,2
2123265300,1
3034441476,1
3473818101,1
2128011000,6
2127962058,1
2122480532,1
8003112656,1
7186337100,1
2127324658,1
2126153600,1
9149698888,1
7183835290,1
5168737010,1
7184825295,1
7188811180,1
7188164775,1
6317541304,1
7185451129,1
2129444747,1
7187392301,1
9292737601,1
2123379973,1
6469811882,1
2126741740,1
8885098565,1
7187841460,1
2128417500,1
9175975338,1
8006427354,1
7186415744,1
2127852548,1
7182765700,1
7188064040,1
9528303221,1
5735566155,1
7185892230,1
2124539300,1
9178256594,1
7189333101,3
8454543980,1
3476899415,1
8035483905,1
4048769411,1
7183698800,1
2122713800,2
7706236969,1
7183682113,1
9142883307,1
7189789862,1
5167474301,1
2129353000,1
2128165109,1
7184428080,1
2122262228,1
7186019753,1
6314274190,1
2027832800,1
9175428619,1
7186572605,1
2127649600,1
2123453892,1
7187733551,1
6317049654,1
9086424570,1
6319271086,1
9143808251,1
7182633800,6
8003363115,1
9149663200,1
2128947000,1
2123096487,1
3474624642,1
7812927000,1
2123556100,1
7188262942,1
2123534100,1
2125823116,1
7182041600,1
5184277350,1
2078283381,1
7188235660,2
2126080888,1
8017360258,1
7182353949,1
9736141266,1
2127360525,1
9145828370,1
7186250080,1
2125695000,1
2127774800,1
6462359546,1
2122260317,1
7184382862,2
6312654444,1
7187625200,1
9176266802,1
2123671550,1
2128739300,1
6464845700,1
5162890273,1
6104945255,1
2128887400,1
7188616060,1
2126931525,1
4042671966,1
9175453941,1
8006457270,1
6462006300,1
9147232360,1
2127086682,1
2126972323,1
7182845346,1
2129267764,1
7189820550,1
9252546565,1
7184848777,1
2149534000,1
7188932200,1
2128679090,2
7184428200,1
7184296600,1
2126035521,1
7186415909,1
9735609050,1
7183212717,1
