74483,1
12414,1
11507,1
11210,2480
10028,1500
07105,5
12180,1
12524,1
34734,1
07102,1
11415,434
10804,3
06604,3
08629,1
30310,1
11040,66
11361,166
07111,2
new y,1
07040,4
9985,1
02000,2
05477,1
07055,1
11705,1
Calzo,1
10962,1
21212,1
10292,1
07306,1
11557,1
1120,71
12214,2
08844,1
1033,1
19103,2
fl,1
78727,1
34471,1
07302,2
11516,3
12189,1
11228,429
95476,1
75060,1
11747,1
10033,1434
10560,3
96820,1
93891,1
let u,1
10510,1
2400,8
10031,1578
07734,1
07626,1
01003,4
répl,1
10004,98
11552,15
10604,1
-1045,1
347-3,4
NOTUS,1
18324,1
11217,635
11413,279
10541,2
10066,1
11432,338
07059,1
11268,2
02907,3
11731,1
65125,1
07663,1
13202,1
00385,1
21085,1
10008,3
my,1
01120,1
45246,1
98682,1
22060,2
10069,72
10044,248
40701,1
!1201,2
11755,1
14850,1
10516,2
00347,2
10036,635
10027,478
1122,60
30214,1
10471,202
19066,1
07104,3
1321,1
17109,1
12345,3
92264,1
10301,1603
10453,1638
11233,503
01463,1
01121,2
1080,1
12528,1
11706,6
34746,1
33844,1
http:,1
07950,1
micha,2
1123,148
11530,4
11753,3
11766,1
53024,1
10701,26
114,3
82947,1
Zapat,1
07202,1
11212,701
10989,1
06880,2
12569,1
20928,1
08536,1
Hey i,1
jorda,1
11375,1693
11354,827
11417,44
07304,8
11551,1
1126,5
15782,1
11411,244
10598,4
08865,1
19135,1
81795,1
11788,1
11365,477
10037,89
13440,1
10024,8503
15044,1
67305,1
33014,1
02138,1
63130,1
NY,29
10026,157
11123,1
repli,1
21215,1
33952,2
Hi, i,1
11374,600
N/A,21
10176,1
08854,1
1217,1
10025,4766
11234,3716
11434,694
11211,2152
11360,139
08837,1
34481,4
1212,1
02961,1
12150,1
K0H 1,2
Rosed,1
27539,1
11561,3
06605,2
11421,252
236,1
43613,1
1169,2
65802,1
1174,1
94301,1
10029,1398
37211,1
03239,1
11227,2
10930,1
11803,4
10707,3
20850,1
11104,4067
10007,180
11590,6
10121,1
11024,2
11312,2
21977,1
85957,1
60657,1
01137,1
10159,3
53703,2
77720,1
11790,1
10302,595
11416,47
11762,3
23919,2
14303,1
33486,1
08904,1
11412,436
11729,4
116,1
10276,2
billi,3
99163,1
11752,1
55423,1
10170,1
63122,1
air m,1
16472,2
11363,58
21202,1
11768,1
11359,2
134,1
10113,1
11241,2
10312,1130
14612,1
1,3
14213,1
07114,4
01217,1
11235,4941
10466,165
646,1
43068,1
11142,1
13586,1
20004,1
10279,1
11559,1
12201,1
08742,1
1220,6
WA9,1
23603,1
10583,10
-11,1
07022,1
01002,4
11243,5
80122,1
10567,1
00001,1
10013,538
00D,1
11020,4
48858,2
1031,1
1226,4
state,1
10308,545
18018,3
10708,3
11030,10
11758,5
1095,1
97756,1
92270,1
10019,782
10162,58
11225,810
11321,1
18436,2
07093,2
14054,2
11964,1
85702,1
11765,1
1230,1
05819,1
11010,4
56632,1
01372,1
mulbe,1
NY, N,1
77619,1
85008,2
10952,7
11576,2
75071,1
1009,1
10120,1
10032,1149
10550,23
11791,10
33141,2
07050,1
10222,1
10020,1
44022,2
11793,2
29520,1
80005,1
19106,1
Calvi,1
16128,1
Laeti,1
`,1
32605,1
1003,4
07666,2
33334,1
38028,1
98276,1
07206,1
23464,1
30331,2
12306,2
11727,2
11763,2
11462,1
21403,1
11103,548
10041,2
66221,1
94703,1
94705,1
11356,170
Zip,3
11542,3
11580,23
94605,1
01719,2
33261,3
11797,2
225,1
84625,1
90044,1
11101,3113
10018,179
07208,3
81870,1
11772,4
LIC,5
10566,5
1415,1
60640,1
10605,4
10155,2
11436,176
90066,1
11290,1
00355,1
10527,1
11568,1
TN34,1
78759,1
33322,2
11693,34
11310,1
11027,4
33625,1
perfe,1
55391,1
12,1
11042,1
33446,1
10119,2
92506,1
The J,3
10467,1374
10034,375
11276,2
30174,1
16066,1
11202,14
19604,1
12378,1
03217,1
80504,1
10469,371
59978,1
07108,1
84037,1
36025,1
11750,4
10122,1
11096,1
11715,1
12590,1
27844,1
12768,1
13904,2
07748,1
10314,6311
about,1
10005,61
1121,195
33761,1
10553,11
KA30,1
07107,1
07442,1
1098,1
62396,1
20008,1
43119,1
10307,188
10030,172
28562,1
10927,2
11402,1
33771,1
02893,1
10968,1
11419,227
11369,1724
07036,2
78404,1
33029,8
11121,2
L8244,1
id,1
07203,2
00194,1
11315,2
10075,768
22030,1
78723,1
01136,1
10950,1
20878,1
07631,1
10017,289
08701,13
NY 11,2
18052,1
02445,2
917/7,1
02467,1
61652,1
92119,1
11370,289
28304,1
19504,1
29574,1
mbt z,1
longc,1
45121,1
06360,1
10901,1
11248,1
10064,1
10461,593
07047,3
10282,34
07648,1
12226,1
33434,3
10118,1
15217,2
11801,1
10704,15
1002,4
30043,1
30909,1
19902,1
07029,1
ny,1
76177,1
10306,6015
10474,74
Bronx,4
33154,1
1136t,1
10163,2
11426,612
10016,1032
11732,1
0451,1
10158,1
10172,1
01118,1
10045,2
11751,1
11420,256
10459,354
06902,5
11170,1
12771,3
11215,1064
10006,47
11704,3
10281,1
1218,2
18414,1
7990,1
06234,1
21136,1
48105,1
na,20
10021,1069
10465,708
11371,1
06903,1
11336,1
73529,1
07030,2
44070,1
33484,1
11969,1
29406,1
24354,1
1001,3
NYC,1
00002,1
06704,1
20782,1
13354,1
01169,1
08053,2
