total number of rows in this file: 4010
11563,261
80305,6
347558693,1
08648,5
30002,1
94102,2
11722,15
112192042,1
19095,1
07854,1
32773,1
18947,2
90022,2
10309,847
11205,6064
11236,2371
10603,51
11247,2
94610,6
23113,10
113742541,2
11313,2
22314,1
10272,4
10338,2
33615,1
53023,1
95212,1
06111,2
100272009,1
10801,675
11106,3171
112066814,1
11351,13
23666,2
90211,11
07079,46
112222001,2
33707,3
29401,4
07004,3
01264,6
30005,2
08861,5
1361,1
11232 180,1
33776,2
11251,2
03561,1
112041917,1
114344544,4
112211308,2
12204,1
08088,3
23462,1
30088,2
32514,1
114132423,1
10114,1
27560,2
10110,131
36869,1
113756738,1
12223,2
11106-110,17
85142,2
113681031,1
114353329,13
113791632,2
1121`7,1
10993,2
11878,1
45840,3
22107,1
11218,6450
10805,76
112205301,1
21117,3
11795,24
68164,1
11002,1
112340,1
10481,2
H351G,5
20723,1
75219,1
10417,2
45150,1
114203924,1
046279722,1
01111,1
113681215,1
956162932,1
33853,1
100243837,1
92260,1
100146835,1
112331,1
63021,1
10452,1418
11510,125
114341729,1
07712,9
12508,3
07006,10
50328,112
10829,1
11463,1
104514511,1
45342,4
85251,3
112100605,1
112311090,3
12789,1
141102,1
17403,1
10523,286
04330,1
103012,2
11965,4
12531,2
67205,1
1104,3
112162414,3
1418,2
10365,1
11578,4
33760,2
27330,3
02886,8
33480,1
33880,2
33129,1
112124901,1
94107,3
10512,14
11945,1
112153503,1
60611,2
1435,1
55110,1
113570000,1
10407,1
23831,1
12215,2
33470,4
112224104,1
90802,2
19085,5
12937,1
77377,1
12498,1
06013,3
76092,1
11428,1345
11281,2
10169,43
30017,1
10433,2
33351,1
27358,1
06790,5
11245,3
34119,7
02871,6
85254,2
113561563,1
11376,5
32159,2
07721,1
33445,2
32174,3
90042,1
32724,1
59047,2
11749,1
112346814,5
38018,2
75087,2
10710,497
11237,3636
10177,250
06807,25
11280,4
94534,1
111003,1
11718,3
104616051,2
21401,2
11021,3524
11379,2245
11756,92
10803,82
718631034,1
11467,2
54902,1
19966,4
07045,4
92656,1
112145307,1
1142.,1
1236,2
28326,1
90026,2
91304,1
07504,1
100256299,1
11,3
07627,20
11798,15
11604,1
12211,3
11738,5
07204,3
07876,2
58601,2
70526,1
112223413,2
112160000,2
18411,1
07438,3
10301.,1
11384,3
115071010,1
852543101,5
10068,1
32003,1
33463,4
34639,1
33033,2
112321804,1
96708,1
03064,1
91301,1
100122549,2
98109,1
89084,2
02539,1
00679,1
11364,7634
117882025,43
07001,10
33596,1
113542461,15
100041482,1
117585947,1
11331,1
112146185,1
111368,1
70006,1
100192215,1
110041129,3
20175,2
55442,2
37080,1
08003,5
118041611,2
07414,1
95473,2
34637,2
17366,1
92704,5
08820,27
34609,1
44566,1
18403,4
07670,43
11109,23
75206,3
07828,2
11908,1
13820,4
11379-121,1
917992993,1
115457,2
98033,4
20009,7
07307,1
28262,1
1205,1
124013825,1
30519,3
07607,1
07775,1
32827,2
11249,2650
112,10
07746,60
10703,17
114352664,40
07002,14
104660000,3
48103,5
112241307,2
10589,6
12603,18
116941620,1
N165J,1
60560,1
110003,1
10918,13
33897,1
98008,1
21701,3
10904,3
43056,2
113795463,4
100384811,3
112334,1
55401,1
10012,3192
11001,635
10502,68
34727,1
14127,2
333303206,2
30326,7
112011209,4
11571,5
08558,4
50023,1
11130,1
10058,2
32837,1
112153616,1
33162,4
80227,1
44720,2
30338,3
94104,4
11356-165,1
34638,2
33410,3
1135,1
103012025,1
100141731,2
10039,982
11385,8124
11238,4551
08840,3
07311,10
11327,1
01821,1
30067,10
12402,14
12037,2
11978,6
112232651,1
070571333,2
113219,1
00907,1
22124,6
11388,5
33579,2
113673119,7
112132003,1
111034028,1
104561701,3
91016,1
60193,1
100353615,1
104531103,2
29646,1
33428,4
30313,1
43623,1
106063916,1
112211912,1
11471,1
07080,11
03451,1
75038,6
55305,2
14450,1
12747,2
00195,1
112155703,5
111101,1
112181704,3
30084,1
49080,2
100240406,3
104722102,1
11427,1171
07086,11
104610000,2
10179,4
19121,5
113,1
48235,1
34275,2
27576,1
48091,5
21108,1
11582,13
28027,6
03820,1
100316333,1
112113802,1
07463,5
91006,1
18064,1
33406,3
77205,1
42701,3
60564,1
104680000,1
111051230,1
38372,1
07066,1
10530,346
10104,159
113610448,2
06850,1
15238,2
48083,2
113701661,1
112131015,1
1136,1
100032307,2
33991,2
112154113,1
23434,1
10010,2995
11367,4715
11968,18
03226,3
11029,5
11273,2
14895,1
34113,2
48375,3
07683,4
11255,6
112151301,1
34472,5
11203-254,1
37934,1
27713,1
17404,1
112334703,1
718788790,1
104551887,3
100135453,1
72712,1
33433,20
088076817,1
33324,11
12701,4
07016,4
14428,2
86336,4
113792538,1
11049,1
112100000,1
11236-121,1
06811,4
104567,2
94002,6
11599,1
20111,1
11329,4
14020,1
48413,1
06426,1
60654,2
20016-289,2
100039204,1
10038,3115
12866,7
10954,140
10150,31
112290464,5
20707,3
12122,1
27510,2
94952,1
10152,12
104550000,2
12754,3
10808,1
29477,2
347435094,1
10662,1
10178,2
114190906,2
11282,1
32952,2
94022,2
11214-332,2
112112909,1
18951,1
112172201,1
112371405,2
11520,300
11091,5
07305,8
11717,23
07417,20
94303,1
10469*,1
46037,1
10009,2325
11754,10
10470,1076
81373,2
81001,6
10709,56
33021,11
12518,7
22181,2
90230,1
08902,6
74133,1
75240,2
112314336,3
32063,1
33130,1
34202,1
10128,1723
11355,2634
12775,4
75024,22
30188,1
75254,2
30019,2
23451,4
12216,1
112132322,1
96819,1
94043,1
90266,8
33909,3
89450,4
08234,1
11616,1
104591621,1
02721,4
11136,1
32505,1
112253800,2
90067,1
13021,1
11239,556
10464,201
18058,3
07054,27
08873,13
100335763,2
115632513,5
07513,3
93021,3
112162428,1
33473,6
07072,8
98118,1
12533,17
10906,1
02837,2
10926,6
11350,4
113683092,1
77459,5
104692652,1
05648,1
19547,2
12409,1
91403,33
11566,144
34210,3
89107,1
29306,4
21784,2
16452,1
07303,2
94612,1
22620,1
10450,1
92651,13
11634,3
07331,1
85750,1
11228-130,1
02139,1
11217-160,1
07452,1
112062535,1
212754710,1
11979,1
10476,2
27909,2
30030,5
112154104,3
29045,1
29601,1
08889,1
11501,165
10514,47
109942321,1
32217,3
92010,1
32907,8
113691,1
12732,2
07456,6
112317186,1
12208,2
111060000,1
100016502,1
113852852,14
113692599,1
11379`,1
104590000,1
83340,1
10933,1
10480,1
114151305,1
101258,1
11213,2704
32801,2
104514342,2
24153,1
90403,5
112215333,1
11353,1
13329,1
34787,5
113790606,1
100392118,2
1103O,1
112190000,2
33975,1
20815,9
87506,1
18954,2
100022,1
103102132,2
10562,13
45344,1
90012,2
07936,7
18326,2
33980,2
07078,4
11973,1
112183008,1
13208,1
11304,2
103144356,3
577096172,1
112173405,3
11632,1
49073,2
142282460,1
07457,2
114191908,1
75021,1
45701,1
11050,309
11554,63
10960,60
11675,1
11787,50
11518,58
1143,1
77003,2
10597,1
06109,1
12523,2
112204,1
11861,1
112211911,1
100229500,1
44702,1
104573242,3
08805,3
03885,1
37135,2
11238-191,1
77064,2
112215106,1
11357,7493
19610,4
07677,41
113604561,8
11517,1
11291,2
07446,4
92612,4
11211-810,2
32789,1
100171297,3
100163998,2
112041313,1
92694,1
33834,1
08901,1
12827,3
20615,2
02472,1
104562598,1
111051231,1
32935,1
10457,2187
10475,750
11579,21
19426,2
15101,1
91423,22
11343,3
30040,1
07013,5
115722805,1
111021356,6
90058,1
10000,5
11314,1
19050,1
NA,1
11796,2
112222054,1
33401,2
33914,3
92069,2
114162627,1
100022810,1
11802,1
10424,1
11214,6716
11226,2722
110421205,41
33309,28
08201,2
112211591,1
11028,2
07065,3
07840,1
100133638,1
07751,47
711221,1
112173737,1
63033,1
104540000,2
19461,1
08043,6
113783,1
125641406,1
85212,1
07641,1
104559,1
11224,1546
06615,1
60606,43
100253418,1
07083,30
104612903,1
12136,5
12444,2
33067,3
113733087,1
60614,3
91711,3
23219,1
14222,1
112311,1
21601,2
77043,1
113682568,1
37659,1
10552,51
100256714,3
08817,11
06854,1
100110000,1
85298,1
104695407,1
07075,3
07621,4
07407,1
112364115,1
113583452,3
73105,4
30346,1
48314,2
06085,4
72010,3
112012401,1
03304,2
34243,1
1141,1
22102,11
11934,5
04101,18
100025,1
100262209,1
33478,1
06759,1
74012,2
113823252,1
07014,1
100098106,4
23452,2
11263,1
112235226,1
103042313,4
60045,1
12834,1
15206,1
18507,4
12883,2
05355,1
11221,4642
11414,1695
07081,10
11514,75
100276402,2
10442,1
10047,1
34238,5
07869,11
08021,1
1185,1
33168,1
100233839,1
85044,1
112017185,1
94519,1
112041936,1
11435,4328
15601,2
06611,14
11714,25
11342,1
39046,1
112091921,2
11967,9
112195103,1
14807,3
114272229,1
10921,3
11100,2
12308,6
91367,4
60559,3
11395,1
14304,2
43016,1
112224715,1
077288588,1
36203,2
10011,3624
11231,5562
11004,6410
10509,19
11916,1
08525,6
18020,4
12209,1
19027,4
15201,1
12167,4
91105,2
07762,5
19444,2
100211400,2
1145,1
W87JR,1
30701,1
22844,1
11019,1
12134,1
10229,1
21703,1
None,0
10116,7
29405,2
10214,1
20560,1
77077,1
91107,1
18610,2
20706,1
104611214,5
20170,1
80206,1
33331,2
100244340,1
113684084,1
11217 160,1
91214,2
07023,1
33966,2
33101,1
07726,87
90035,5
19810,3
10156,15
34607,1
31320,1
01983,1
11107,3
20164,1
07753,4
114202510,1
10549,96
110462,1
20852,3
10354,1
33025,3
17331,1
103010000,1
08882,3
11228-121,2
98117,3
12470,1
02492,2
60062,2
92782,3
104696107,1
100193897,1
113730000,1
23608,1
07024,304
77042Q,1
1006,1
33496,17
113672841,1
10953,2
10489,2
11450,2
33755,2
112283415,1
98072,1
07017,2
21114,1
11285,1
90038,1
08863,1
112052392,1
10473,1047
11229,2719
10310,240
07865,1
08723,3
07601,19
70005,3
11509,18
08015,4
60329,1
111377,1
11980,2
08502,2
11976,13
11258,2
10171,3
02150,3
33407,3
18840,3
10316,1
12111,1
11469,1
11230,6069
112291306,5
10528,51
06443,2
07069,5
27858,2
112225062,1
10522,13
06801,9
10268,2
32223,1
1030,1
20882,3
53705,2
17601,2
11289,1
112240000,1
12184,1
104611836,1
33133,2
112081405,4
104694206,1
02215,1
14215,1
08859,7
19127,4
44118,5
89120,2
113540000,2
90040,4
33134,3
113611864,3
100131403,3
113691241,1
19391,1
98110,1
10205,1
10014,2563
10305,896
11216,5883
111249,1
111062244,1
33418,2
104630000,1
101185999,8
02891,2
10270,2
34744,6
07938,2
111372,1
111230,1
94545,1
14201,1
27106,1
06510,1
34786,1
1022,1
13619,1
32118,1
112314106,9
100134726,6
33426,14
80129,49
02476,1
05641,1
1106,2
18301,6
06840,13
00912,1
29410,1
112361719,1
90274,4
112202123,1
07620,5
44286,6
111063202,2
112181020,1
100,2
30135,3
NG72PW,1
21158,1
11418,2675
12457,4
10280,150
07646,15
18443,6
104613205,2
29451,1
112066411,1
112161709,1
113596,1
10128-254,1
11237-560,2
11231-280,2
22193,2
100142703,1
11223-522,1
11047,3
100`2,1
11023,480
10463,2494
11746,471
73134,17
111024413,2
79109,1
11383,3
95991,1
07735,3
11942,17
98597,1
92679,1
100033114,1
13104,3
100240000,2
11207-710,2
32164,4
94538,1
33477,6
07728,49
11335,1
10185,8
11378`,1
12206,5
55447,2
10278,13
91362,2
11456,4
97123,2
112313305,1
08054,1
30038,5
104651744,1
11246,1
113795407,4
10462,5183
11242,462
90008,1
05602,3
78207,51
11550,69
74104,2
27615,32
104613277,1
1016,1
33462,1
14623,2
33936,2
07920,12
07514,1
77030,4
112260000,2
07650,7
116912425,1
11232-251,2
98433,1
46100,1
14228,1
05401,1
10001,7963
80237,131
10455,1109
07731,84
11697,42
112222523,2
30294,1
10548,2
11826,1
111033952,1
19018,2
07740,4
10437,3
80222,1
113851138,1
112184333,3
30517,1
34014,2
10472-590,2
11368,4483
11691,1075
75227,1
11735,67
112155604,1
11018,5
33412,8
112385646,1
11713,33
11075,4
91316,1
01702,1
19047,3
11609,1
19854,1
07060,1
06033,6
95001,5
18344,1
17847,1
11102,2781
11709,106
06488,3
11414-032,2
104562221,1
112202126,1
301299069,1
47302,2
33313,5
11274,2
94403,1
112303804,2
112155052,4
03110,2
20705,5
11422,1314
07057,3
97205,6
10358,1
11373-193,2
112011026,2
12219,1
12564,4
10055,1
114333449,2
30016,2
84111,1
40059,1
11385-472,1
33884,1
94103,1
100253615,1
11208,3069
104633619,3
112283725,1
103141297,2
06897,8
07511,1
10413,1
104515235,1
33137,2
06001,4
32824,1
11901,2
11043,3
11574,2
11065,1
100241832,1
19131,1
78758,1
11963,6
11231-470,1
11211-362,2
114343403,1
20169,1
08402,1
113575028,3
89149,1
06070,2
12207,10
11357-235,2
21030,2
30047,2
23231,2
11452,1
112042400,1
113541248,1
29708,1
11204,7510
11548,33
55402,29
92618,7
35223,1
97210,2
05738,1
07201,27
100400000,1
704607046,1
CELL#,1
07624,14
10511,2
95757,2
27596,2
111062414,3
01259,3
11740,3
103063607,1
16F,1
33026,1
90212,2
34112,2
112164302,1
11232,2712
10304,1238
10601,196
02210,19
20814,34
112214255,2
11218`,1
07012,6
94560,2
19890,4
07112,2
10533,8
112191629,1
100315734,2
34231,1
112364425,1
11378-165,1
32703,1
80113,2
22554,2
10460,1597
78728,4
07922,7
10588,3
104635601,2
11757,37
33019,10
19709,1
21076,2
112314901,1
112173739,5
10547,4
100012506,1
98103,1
19403,1
02184,1
34683,1
70810,1
14604,2
01106,12
91764,1
10303,276
10165,239
1046,2
33467,14
45040,3
10526,2
90046,5
05301,1
115806124,10
110302205,1
17050,3
10985,1
02840,2
112345833,1
11352,6
92024,3
33308,2
103090086,8
100242426,1
112140000,2
22304,2
105603424,7
93035,3
01040,1
210092205,1
08735,3
11429,349
10103,14
22203,17
11380,4
10286,3
10167,7
112181010,4
112116,1
112213611,5
07010,7
100656001,2
60527,2
19301,1
10408,2
60174,1
03194,1
07205,16
27405,1
33149,3
100017604,1
112080000,1
10420,1
10458,3048
44125,24
100247003,2
94118,2
112184962,2
10941,5
10706,8
07928,5
33472,4
11443,1
10472-512,1
06907,2
00197,1
113851922,1
96704,2
11366,794
19067,2
33186,59
07039,47
11701,22
27609,2
11272,2
116984,1
112281304,1
112131507,1
18334,1
11320,4
100469,1
02110,9
104650000,1
77056,2
112381410,2
103063210,1
12224,1
104613910,1
112181304,3
10042,1
10611,3
60645,1
100120000,1
112332501,1
100039269,1
112294013,1
33981,2
44139,2
11215-439,2
10472,2678
10468,1501
112162002,1
34479,1
101634668,2
95928,4
112356383,1
1137,1
11125,3
32905,1
111065100,2
1040,2
112154307,2
23230,6
10003,6124
11207,3584
11598,461
112173349,1
11222-252,2
28217,6
07110,6
112183506,1
110011001,1
07653,2
18360,9
90064,6
28270,1
07508,1
112157805,3
116931607,1
110044,1
90039,3
19806,1
113611023,2
75011,2
112113205,1
33442,2
30824,1
24073,2
07776,2
11362,5299
90048,3
33064,9
06404,1
08831,48
02165,1
07082,1
94611,5
33948,1
12571,8
29707,2
19901,1
33647,4
07980,1
30009,2
65473,2
02906,2
34743,3
112381148,1
113775043,1
113755037,1
11545,298
112151715,1
07675,13
10504,37
06901,9
11477,1
78043,1
11454,1
10129,3
06457,1
20910,1
06002,1
11431,5
114281932,1
92025,5
10030``,1
18503,1
10023,4899
11921,2
07087,7
11218-422,1
112151405,3
34759,7
112124350,3
10319,1
13901,1
94539,1
77072,2
100362121,1
100258078,1
104542601,1
02360,17
11944,6
78249,1
113744514,1
11207-570,1
10402,1
112162201,5
08824,6
95814,2
05821,1
113572267,1
94117,1
12548,2
100142239,1
10067,1
10880,1
20763,1
10973,1
718317693,1
111031693,3
112111,2
112347,1
11779,41
100116809,1
10115,30
28458,1
32839,5
100241513,1
92067,4
19087,2
1000,1
104625056,4
06836,3
113680000,1
11254,2
12561,4
112193040,1
113745445,1
71108,3
112211004,6
11378,2126
10451,863
101850711,2
10026-221,1
22640,1
02863,2
71413,1
100273010,7
11792,2
100014423,1
111215,1
33710,1
113857426,2
100361708,7
22206,2
07026,1
22968,1
02128,1
6C,1
12054,1
60565,1
08846,1
10040,553
112390000,4
30068,3
07090,24
07430,13
1128,1
07410,8
07011,5
30302,1
11619,2
112195968,1
92714,1
75034,4
118031604,1
100316321,3
85704,3
103145033,1
12843,1
87108,1
11219,11713
11725,85
10570,62
11577,432
85023,3
07512,30
20010,4
08757,2
11325,4
10219,1
11334,1
11741,7
046273756,2
100226701,13
101074,1
30058,1
11692,332
29407,2
75231,2
07440,2
06067,5
14418,1
104676,1
11275,2
02748,1
43125,1
11240,1
85742,1
91320,1
60061,1
98119,1
113855100,1
22041,3
M4W2C3,1
30339,1
29316,1
07421,5
11038,4
100130000,4
28741,1
10341,1
110401510,1
29135,1
112170000,3
11026,1
19355,1
10965,12
03307,1
10400,1
93901,2
07471,1
14043,5
29577,3
112362800,1
18974,1
11460,1
103146931,1
32210,2
18031,1
17841,1
112241313,1
11377,4308
18901,5
12484,1
07020,12
14609,1
14061,1
92629,2
17102,14
07652,35
11439,39
07419,2
34698,2
84017,3
11972,1
19073,1
07095,9
1110,1
XXXXXXXXX,9
12721,2
19380,1
61081,1
112161670,1
112201422,1
104565678,1
32163,2
113554215,1
112353521,1
070182717,2
11531,1
11635,1
44483,3
91770,2
85255,4
11733,8
113691419,1
10080,5
112203511,1
19082,3
84092,3
90025,8
10412,2
10405,4
34990,1
33432,3
28215,1
07675-504,1
28040,1
18417,2
109505226,2
07930,2
111032638,3
92607,2
34288,2
12504,1
78660,4
11776,1
33146,3
18101,2
11769,10
112346524,1
10524,3
12534,1
11417-242,2
112032228,1
94957,1
78233,1
07033,2
08759,1
10497,1
101281172,1
10543,322
11201,7336
10990,24
07974,11
33061,3
10577,32
113580,1
30253,2
21043,4
28226,1
10271,14
92683,5
11977,4
08758,1
114350000,1
10079,1
11479,1
02904,1
110211027,1
10030-210,2
949561025,3
10917,3
101007,1
11220,5979
08527,54
11036,4
112283312,1
112133450,1
11946,4
11569,6
33326,3
076665615,1
11231-400,3
1234,1
1385,1
115813505,1
93309,1
04915,1
02021,1
112224002,1
28340,1
11111,2
90043,1
10022,5680
10168,112
11572,150
07722,12
1203,2
97215,1
08401,3
112163475,1
44145,4
05390,1
07003,3
30114,2
12401,1
08628,1
98003,1
116910000,2
104624984,1
104723306,1
63005,1
11209,5533
11694,1199
11298,1
113611835,1
11414-036,14
10940,24
112310000,2
114322764,1
12946,2
1051,1
113621252,10
111053709,1
39110,3
113543221,3
14063,1
100132239,3
112332608,2
16428,2
11206,4536
11423,1466
11126,1
90254,2
07738,4
2A,1
112003,1
112210000,8
19010,5
77381,3
07932,3
104535104,1
11217-340,1
11475,2
112195923,1
22207,1
10002,4544
11581,247
11726,32
07506,6
10591,53
90049,1
100020000,2
15090,5
100072801,1
11387,7
07732,2
11780,8
32808,1
100317036,1
21216,2
12589,15
11961,2
15401,2
19601,1
23323,1
02642,1
100164102,1
27520,2
08876,2
89134,2
112172010,1
112381210,1
100134201,1
07756,2
53092,1
112142822,1
10714,1
074744276,1
20901,3
06475,1
30039,4
12471,3
90245,1
11203-380,2
27519,2
08056,1
75067,15
40515,1
95478,5
77479,2
02459,1
1422,1
01545,1
112293303,1
02143,2
07924,2
10970,79
33498,12
02421,8
15227,1
43615,4
11386,14
11558,13
33311,3
10964,13
90703,2
06051,3
08826,4
06525,6
78738,10
90077,8
11369-250,1
113734610,1
19975,1
113791019,1
43206,1
73135,2
11737,2
11203,3860
12572,9
63124,3
11575,11
11730,3
113621253,65
112211902,1
718943061,1
10519,4
104664715,3
18025,2
100031502,2
112212517,1
06517,2
28278,1
90027,7
07901,31
11222,6454
37075,1
1105,2
10154,148
11771,70
11743,91
12477,9
11703,8
47802,6
33903,1
11939,5
100016,1
11778,4
06812,3
24019,1
112181911,1
30308,4
112335103,1
121417,1
01960,3
93730,1
1069,1
112171305,1
11373,5480
11003,200
11005,42
112200000,1
12749,3
',1
84150,4
14534,7
32834,1
14221,8
77494,2
90803,3
27834,2
19004,8
07724,11
91785,1
1149,1
1184,1
07035,2
17694,1
11432`,1
112155206,1
17257,2
100035203,1
32225,1
108033604,1
100244301,1
10454,704
10065,2503
11433,666
13379,1
07640,1
01060,4
21093,3
43147,2
112508,1
07109,5
100260000,2
11784,9
75204,1
14526,1
75214,1
06042,2
23664,3
34285,1
67601,1
11368-256,2
100301142,1
01082,1
112077108,1
07931,4
101281213,3
18015,1
07825,2
07310,2
27587,2
N165JE,3
11819,1
06107,1
27707,3
12412,2
11232-130,2
80127,1
19977,2
92373,2
19104,1
112382104,1
LLC,2
11223,5565
10035,3251
10107,725
10456,1274
11372,2077
19006,3
111013134,16
94501,2
19462,11
97005,2
07832,1
05154,3
29910,9
70466,1
112281104,1
112313403,3
10315,1
08690,1
112041907,1
72019,1
06281,1
39047,5
10218,1
104613917,1
33161,2
28209,2
112171705,3
11565,35
05156,1
00011,1
95123,3
113855157,2
100197595,1
33609,2
34489,3
11317,4
1231,2
10085,1
91978,1
-,2
36695,2
104562402,1
10348,1
39407,1
91307,1
60513,1
94044,1
55426,1
11553,21
07605,20
10977,198
11570,80
11430,15
112044501,1
04074,5
107040000,2
06470,5
104710000,1
112205708,1
12468,1
111103,1
07657,15
11720,20
98056,1
33437,15
67107,1
43110,1
08836,3
08830,12
19605,2
110500260,1
34146,1
48197,1
11573,1
75093,1
113776750,6
100242430,3
100010000,1
28546,1
51360,1
11358,2980
