11105,3631
11507,248
33767,15
11710,161
12414,9
19807,9
22151,1
10705,72
07801,19
11309,2
30907,4
11286,2
11256,1
07830,3
10477,1
60607,2
100252782,1
32080,1
10028,2450
11210,3988
10403,3
07102,47
12524,7
34734,7
112192026,1
112270,1
21224,4
06053,5
78501,2
10920,7
112201430,4
12180,1
1355,1
22306,1
08734,2
18343,4
12578,1
064791922,2
07105,3
01886,1
34292,2
11415,1409
10804,75
11200,5
02116,8
112184418,3
1426,1
117468003,1
07092,7
101286682,4
104064343,1
90056,1
29566,4
30310,1
22802,2
06604,2
12790,5
33180,6
32095,2
10274,2
95019,1
111013620,1
112192028,1
11361,2386
11040,891
20115,6
07043,9
75001,2
07055,2
02114,2
104620000,4
11654,5
07040,5
32766,5
07111,2
112306801,1
99009,2
22003,2
10551,1
100024,2
10585,1
112313016,1
12203,2
100191566,1
11297,2
M3M1X5,1
34986,1
11173,1
77070,2
104625204,1
34232,6
70448,2
52778,1
112142829,1
112313407,1
114210000,2
11705,2
112173563,1
20037,4
47711,1
104565406,3
1206,1
93560,1
04102,1
10962,18
07470,18
07306,14
104624911,1
06103,1
113783331,1
12538,4
92660,7
112356407,1
23454,2
104530000,1
06614,1
31902,1
92127,4
22656,1
11557,219
19086,2
22079,1
10173,7
33404,1
1120,4
14062,3
34110,6
10916,1
60914,1
11424,3
60187,1
104670000,2
100293072,3
08844,7
10762,1
63179,2
77014,2
48187,1
44321,1
14616,2
19103,1
11516,280
31522,1
07302,23
11618,1
08852,2
112222,2
1 FL,1
32712,3
10185-234,1
104726114,1
112156434,4
08823,1
890148909,1
112171120,1
53210,1
08033,2
22101,1
80215,2
01020,1
100133161,1
100038,1
110302801,2
11228,4300
11747,217
11739,2
10956,136
12019,3
10983,9
80639,2
112383407,1
07871,8
14905,1
07068,10
95648,3
110421022,1
07062,4
113853895,1
112194405,1
94086,1
1209,1
94515,1
34234,2
112154392,3
112173607,2
12740,4
100223109,3
10033,1462
115772028,1
111021127,2
10560,2
11742,5
06824,14
112313008,2
10913,6
21217,3
10655,1
19808,2
112374514,1
46321,3
112358518,1
10510,2
109941132,1
84604,2
08776,1
115072022,2
10987,2
92037,2
113682913,3
94304,1
100071009,2
10786,2
Q11235,1
10031,2026
06883,7
07860,4
07626,14
91789,1
104651011,1
75182,2
104724695,2
112155003,3
07099,1
100245125,2
113857237,4
45202,3
30132,1
111034925,1
100354593,1
33143,1
32233,2
34771,1
19341,2
98059,1
100123501,1
13856,3
11552,74
10004,633
10604,41
101030056,1
19116,4
89121,1
X,69
06878,4
100421,1
30097,2
112097182,1
06357,1
23456,2
112194426,1
11410,2
951235206,3
113641105,1
07608,3
11217,5466
11413,579
60463,1
113652,1
08512,3
60637,1
18640,1
20743,2
10541,31
14617,2
718424691,1
10501,2
20036,8
S11216,1
100265,1
99503,1
-9528,1
33545,2
336261810,2
11224-121,1
05255,4
10046,1
19904,1
11432,2769
11731,37
10112,33
11022,34
110001,1
07059,9
18930,3
125310705,1
111042609,1
94111,4
33321,1
104724524,1
11268,3
43065,3
124981023,1
07663,2
31313,1
11614,1
105303424,1
112202420,1
100116666,1
15019,1
07424,1
100212748,1
98221,2
95128,2
06830,262
11940,134
18431,4
10008,15
33777,1
33955,12
18210,1
101130185,2
34209,2
19924,1
112321304,1
20613,2
34109,4
62206,1
97212,1
13730,1
08755,35
10606,150
10069,74
12010,1
21113,6
10044,38
01746,3
117035112,1
33429,3
46260,1
11755,18
08872,10
80023,3
07041,8
06471,3
104664608,1
112282707,1
14850,3
30062,1
34715,2
10313,3
100246943,2
11350-157,1
07632,94
112282106,3
100231593,5
10516,10
97298,2
11347,1
11006,3
112201307,1
30045,1
85705,1
45331,1
100124457,1
38120,2
70130,1
06478,3
112O3,1
10036,3359
10027,3697
10471,2075
07104,52
28464,1
02155,3
104542185,1
94941,4
11702,21
08743,1
11011,4
100019,1
23060,1
02368,1
1122,2
104565448,1
1129,2
32226,2
28052,1
113554420,1
10453,1066
11233,4948
10301,1196
12528,2
06804,12
07676,28
112119,2
22901,1
08077,3
113604307,2
77036,1
97430,1
21842,1
94602,2
11971,6
11706,37
20007,2
75063,48
07032,19
19446,1
19734,10
17112,1
91101,2
37312,2
32836,2
07950,3
108883,1
34746,3
10517,1
81147,1
06120,1
112263303,2
94306,1
31546,1
11753,432
11530,434
11766,22
14624,27
10175,12
112146801,2
112124129,1
32503,3
76155,1
112282201,1
1123,3
112201,1
33405,3
03801,2
10701,135
06029,1
18938,4
44114,6
06870,9
34655,1
212877850,1
07202,2
30022,5
11786,3
15219,2
07056,1
17922,3
10976,3
13905,2
11212,3273
06880,32
103071551,4
12569,11
113734239,2
10546,33
10989,7
10050,3
08550,7
1156/8,1
90404,2
112291711,1
112060000,2
19123,1
01742,2
1127,2
10317,1
114212844,1
11957,8
08536,1
100168118,1
104725901,1
112330,1
114261132,1
11249-412,2
03870,3
28390,1
11775,1
104554908,1
20810,1
33160,18
20906,5
26836,1
77379,3
10982,13
12540,2
104693819,1
30087,1
16635,1
12601,13
53188,1
90292,8
34741,4
11712,1
110211320,1
31411,1
112146002,1
37221,1
11375,4715
11354,3271
11417,1404
75062,4
75202,1
113752688,11
18036,1
100042051,1
1126,1
017410,1
12103,1
021990262,5
27518,2
10925,2
33071,9
12213,3
08691,4
33317,2
04841,1
95605,3
07304,2
12288,1
11411,250
11788,52
10980,16
113853252,92
10598,21
112021,2
08865,1
30168,1
44126,1
112214306,4
28031,3
12020,3
10101,2
98199,1
33786,1
07809,1
35653-433,2
11365,2376
07628,9
06461,1
10037,363
112045116,2
16506,1
91356,12
111040676,9
11716,10
112494037,1
1173,1
80528,1
W 4 ST,1
02113,1
10608,1
104589992,2
11230-680,1
27407,1
100190000,1
112153403,3
80234,1
10024,3801
112044733,1
32809,2
33027,8
15044,1
07071,11
07480,2
63108,6
33014,1
18042,1
19522,1
02138,1
112151942,1
11319,1
32828,1
75002,2
12748,2
11295,2
112194507,3
34236,4
10026,1948
11425,6
11123,3
NY,10
33952,4
02172,1
100160003,10
114324046,1
33131,6
100233543,3
10747,1
23453,1
19466,1
20120,1
21215,1
07718,2
1225,1
11374,2551
10176,403
10532,23
08854,20
10174,3
10580,121
32701,1
08850,5
08060,1
12550,5
11294,1
08812,2
N/A,2
10421,3
112211,1
100234198,1
64024,3
1044,1
10025,2988
11211,11780
11234,2793
11434,1129
11360,1302
08837,110
28173,4
33330,16
110211003,1
11324,2
07630,5
104580000,2
06371,1
07701,6
1204,3
06483,3
114280733,1
11166,1
34481,4
73108,392
08086,3
06460,1
10536,17
105202806,1
32835,6
80011,1
0989,1
11235-290,1
56301,1
1221,2
02874,2
14207,2
27539,2
34114,1
33409,5
10081,2
33987,1
112145,1
60014,1
10963,1
94901,2
37027,1
112331305,1
30152,1
10439,1
111013840,1
11561,138
11560,54
104636704,1
12491,1
11724,7
100360000,1
12481,2
07042,14
11361-183,1
20017,2
74114,2
100194602,8
402,1
60613,1
92886,2
113734137,1
112161704,1
112237187,1
06091,2
22020,4
113743323,2
11421,1037
10107250,1
95070,1
111051804,4
111034328,1
112041509,2
30032,9
10579,8
112201122,1
80525,1
112221404,1
77063,1
29464,1
104757182,1
112235145,1
78745,1
10742,1
50315,1
112355204,2
010467,1
10029,2594
75039,35
80021,3
80016,2
100293081,1
11227,13
112344314,1
103011606,3
22325,1
95521,1
10930,8
11328,2
112211008,1
01468,1
113734531,1
100095902,1
101284048,1
18940,3
06430,1
11221718,1
103122183,2
718465508,1
22310,2
112071222,1
100118530,4
34583,1
11803,115
112282103,5
10707,103
06831,9
10595,23
05363,5
12309,2
112380000,1
20772,9
90265,4
22015,3
112515,1
20850,1
112132515,1
112223400,2
113852150,1
718848648,1
14830,2
87113,1
100200004,1
1048,1
100302411,1
07874,1
95459,1
10007,951
11104,980
11024,264
11590,153
08736,38
11932,4
10121,1
33062,2
11389,1
94577,1
29445,1
07073,10
02879,1
700016,1
53813,1
104602613,2
06117,5
33316,1
104687183,1
37086,1
90071,2
103147530,1
11790,6
97703,1
92705,6
08724,36
11231 470,1
11407,4
72404,1
11244,2
30066,1
12581,2
11951,17
33319,2
10159,4
55104,2
32736,1
1011,1
20011,1
10302,901
11416,1095
10151,126
11762,35
07730,5
08904,24
11770,2
06820,8
10986,5
33486,20
28451,1
12525,1
10106,19
077332912,2
13364,1
60618,3
11016,2
113755051,3
30273,1
01245,2
100291399,1
06268,1
07021,2
92590,238
11412,756
11752,5
112042659,2
33301,4
11729,19
94122,1
111030000,2
10276,13
112102840,9
12912,2
20019,1
11270,5
08257,1
10438,1
48374,4
23463,1
40223,1
30094,2
06810,5
10170,74
07450,9
29715,6
02482,1
14456,1
11385-214,2
11385-515,2
11953,2
19801,5
04103,1
070201121,1
20748,1
14580,1
14411,3
11241,336
11363,806
11359,5
10406,3
112081302,1
11768,28
33304,2
12231,2
33328,3
92626,3
11307,2
117301705,1
10113,1
34120,1
29479,2
112053704,1
104623301,1
107472,1
23606,2
100095381,1
11955,4
34684,1
STERLING ,1
112195525,1
112363409,2
10312,948
10520,22
11783,61
47274,5
336472951,1
32738,6
18704,1
18045,2
1,2
11007,1
100372229,1
6FL,1
43123,1
01036,1
10466,3105
11235,4000
02465,1
10506,12
114160000,1
32958,2
19348,1
11804,9
112070000,3
06905,12
07018,10
105835111,1
070316537,1
11323,3
43068,1
112194037,1
27209,1
441391654,2
115011003,1
78731,3
34442,2
1065,1
11559,229
10279,71
11585,3
111050000,76
117251184,3
112203131,1
27610,2
100262274,1
08742,4
100366569,1
100032,1
10383,1
100031219,1
112044742,1
60047,2
10715,1
100330000,1
103RD ST,2
13788,1
33441,1
077264123,2
10590,5
10583,565
112334515,3
10567,39
113857069,1
100118778,3
104730000,4
08542,5
11243,12
08036,3
12583,2
100000000,1
11483,3
07022,1
114230000,1
1120-1916,1
29920,1
77396,1
08302,1
11235-530,2
07733,43
117530117,1
34788,2
112313014,1
35205,1
10361,1
94801,1
03087,1
94133,1
11203-260,2
90291,1
10128-066,2
100316166,4
02109,3
17406,1
10013,3017
11020,191
11935,12
100014824,1
94115,7
70065,2
32221,1
10538,43
33020,3
113550000,1
08109,2
07009,2
87124,1
11854,1
08406,2
113732947,1
22332,1
23168,5
33132,1
07765,1
100310000,1
28472,2
98121,1
1031,1
12495,2
78702,1
07405,2
11215A710,1
03043,3
11030,929
112221603,2
10308,305
11758,100
10958,4
77042,16
55424,3
10708,104
10409,2
03101,4
11782,15
112323001,1
60920,1
112131013,1
01471,1
112233832,2
112132802,1
100296183,1
21771,1
10019,5393
11225,2252
10162,78
11937,10
07093,17
917214129,1
33076,14
07750,4
100011628,4
18924,2
95688,4
101852344,3
11954,2
12563,5
34953,5
18436,3
112313319,1
21205,1
55420,1
78541,2
11321,1
1590,1
114171359,1
06701,1
108011,1
85258,1
19422,1
112232445,1
29579,1
112331201,1
104720000,2
90003,1
82433,1
100196401,2
27703,1
11765,1
11271,2
#,520
11010,95
49085,1
10401,2
07702,1
27513,3
124582308,1
20015,2
87056,1
60638,1
23114,2
70809,4
112236,1
11216-360,2
113770000,1
06039,2
20197,2
100233250,1
11975,6
94590,1
05819,2
112176,1
11576,581
10952,230
113732653,1
12090,2
31401,5
78746,1
10238,1
11014,3
1211,1
94061,3
06877,8
112072427,1
114181340,3
30309,2
113631615,1
20735,5
11562,1
08520,4
07927,1
10422,1
20769,1
1009,1
07458,19
11777,16
07760,11
10120,19
49684,4
10105,8
08807,14
3VEOM2,1
112143706,3
27616,1
28337,1
114161419,2
84115,1
10032,882
11791,389
10550,145
112042232,1
10020,120
112151559,1
84103,2
07050,14
11301,2
10460-412,1
EXECUTOR,1
113683922,1
10816,2
13355,1
112341601,1
08034,1
23325,1
33141,10
112332409,1
38652,1
100210000,1
11277,1
03458,1
11210-284,1
112213,1
11793,68
10166,162
10573,133
07642,11
07902,4
10607,61
07834,10
19106,48
17602,1
112321239,1
94214,1
19013,3
11140,1
18964,2
19142,2
1036,1
32547,2
112143613,3
50021,1
112195858,2
105020112,6
94108,4
08857,17
21036,1
15687,1
12727,1
11453,1
10851,1
33056,1
75052,2
112150603,1
113698,1
11639,1
112323828,3
20021,1
94510,1
33196,1
07094,59
89117,4
07052,37
08731,2
NEW YORK,1
112172823,2
10048,1
NY 11004,1
21218,3
32257,1
112144804,3
30034,2
07737,1
33060,1
077024513,4
06851,8
088591626,1
112203713,1
12428,1
07432,1
07666,85
967640302,2
94588,1
11512,2
100227655,12
14211,3
10469-103,2
1003,5
114282045,3
60265,1
23464,2
07723,1
30305,1
02132,2
1229,1
30213,3
07206,2
02478,1
07739,3
34610,1
112204912,1
11235`,1
10111,28
19046,1
11763,38
55441,2
07940,8
10083,1
33705,1
20721,3
33157,4
11727,6
33469,4
11462,2
112093320,2
113683132,3
11441,1
11381,2
06784,3
32176,1
13617,1
11103,4713
07660,8
105523054,1
10041,9
07645,19
07960,5
94705,2
116915532,1
100105509,3
08884,4
01244,2
11025,3
13066,5
28269,1
112266101,2
113552226,1
85260,7
15232,1
17872,4
01772,1
13856-322,2
72205,4
112173106,1
112124349,1
112223708,1
14066,1
11580,380
11356,1890
11542,156
90004,6
80204,6
94619,2
114352042,3
07849,2
32829,2
10411,2
02563,2
100272004,3
11910,2
1102-3556,1
03276,1
91387,2
212370920,1
112016655,1
1214,1
11382,1
646764452,1
33175,2
43215,3
10022`,1
11797,76
94965,2
12547,5
103214,1
11278,1
48195,1
33261,1
02920,3
113850,1
113651723,1
100323,1
30329,1
06520,1
114153238,1
11101,5368
10018,4417
43230,1
07981,1
11772,2
11538,5
07208,2
NONE,3
10566,5
112280000,4
10642,1
112154206,2
21014,1
10125,1
19119,3
12065,4
22204,1
100363768,1
10155,330
10605,60
33487,16
111021940,2
40502,3
10117,2
11207-361,2
10061,1
07420,4
100015010,1
01966,3
12522,2
32065,1
60603,3
05358,1
97401,1
03141,4
11436,208
10123,45
11568,98
90066,4
18017,1
11290,1
78759,2
07758,1
112054803,1
93923,1
85048,2
112111316,1
21702,2
112223,1
516301702,1
92806,5
23803,2
11721,4
06484,3
15598,1
112062019,1
21044,15
100291604,2
04852,5
01721,2
11719,6
06492,1
07481,13
32340,2
33322,3
06405,1
97124,2
* *,1
21015,1
19072,1
32708,1
11693,308
100384484,4
60615,2
37069,2
32725,2
11437,4
112185906,1
46250,1
10923,2
068901074,4
125333,1
101552000,2
90401,4
34997,2
92620,6
100107617,1
113543745,1
11027,1
112156508,1
35653,2
20001,3
11042,260
12418,1
10984,8
08535,9
07103,1
20904,1
12,1
114171546,1
10063,2
33063,1
22305,1
11857,1
91720,2
77242,2
112253117,1
85086,1
111034623,1
115601810,3
112312804,3
17543,2
10119,115
33446,5
90210,9
10435,2
90405,8
112091912,1
112375504,27
11914,1
11950,3
10461-290,1
08810,1
104514502,1
111031108,3
112052703,1
11368-392,1
22033,1
30157,2
112058,1
08853,1
917674550,1
07074,1
112204828,1
10160,1
112036541,1
33616,1
33950,1
32825,1
10467,3621
10034,342
33065,2
00000,13
100030000,5
11308,12
47403,2
30269,1
11482,1
43220,1
112112204,1
112297120,2
112354812,1
104551223,1
33318,4
10227,1
100302441,1
18428,1
85248,1
90068,2
114170000,2
112313599,6
08822,6
11202,35
03842,7
10127,1
06119,1
112064401,1
19604,5
90015,1
94402,1
1121149,1
112054210,1
02129,1
85253,6
14606,5
02115,6
113602143,2
80015,1
44122,2
112363612,1
112081921,2
10469,2791
100118713,1
22505,1
92026,1
917859018,1
112150318,1
12047,1
11621,1
91205,1
14424,2
10122,375
98101,120
11715,1
112161807,1
11096,29
00705,1
34473,1
33179,4
12205,8
113700000,1
11209-261,2
12590,12
98112,2
112494121,1
33708,2
18426,2
50392,1
28277,2
10576,31
112150000,1
07748,16
114131738,1
10594,28
12521,2
21163,1
08869,4
100382609,1
11220-411,2
10349,1
10314,1989
27511,4
10507,24
33150,3
33140,3
34228,7
113792917,1
104675194,1
112301156,1
08551,4
80111,2
43004,1
10495,1
33411,6
114150000,3
112162404,5
34736,1
112165,1
95062,1
02131,1
78681,1
10005,1102
113553631,1
10553,23
112036,1
08540,13
1121,1
89449,12
18104,4
11657,1
112155490,1
28399,1
104613902,1
07442,1
111033804,1
96146,1
10919,2
112114913,2
20008,10
33139,20
080872228,1
02903,30
22202,2
78401,1
100220000,1
89113,4
11455,1
112342507,2
11375-634,2
22312,1
3376,1
11252,1
113853209,1
55116,2
20603,4
10827,1
10030,1000
10307,603
77449,23
10927,5
11596,90
33771,4
101281685,1
55012,1
104673704,1
21208,7
28405,3
12553,3
38606,1
11402,4
563505880,1
30101,1
212682272,1
11191,1
32007,1
11419,1270
28467,2
11369,910
24864,1
10994,27
07203,4
62711,7
06385,1
07036,12
112065325,1
07946,1
112221747,3
112331014,1
112164104,4
113577,1
02493,4
11121,1
33029,6
113681445,3
75094,2
16125,4
12093,12
112181257,3
064608115,1
77401,4
07755,9
11041,3
20874,2
113218,2
112032606,1
98161,2
11315,2
02130,1
11458,1
068071113,1
112051313,1
43219,4
63105,1
14031,2
11885,1
02111,1
112153310,1
10075,1549
06612,4
33024,4
10950,98
07631,53
32137,8
97219,1
20005,3
75013,4
23227,1
111051551,1
85018,1
33511,1
77584,1
78723,2
20878,1
10017,7247
21201,2
08701,170
07643,5
02445,4
NY11004,1
1102,1
92868,2
K1C 6R4,1
02467,3
100161001,1
87112,2
27614,2
113375,1
18052,1
36117,2
01138,1
074581009,1
116912083,1
113782354,1
34758,3
06825,12
12076,5
06896,1
01230,4
113722021,2
34690,2
10003-311,2
11102-355,1
89103,1
12235,1
111053119,4
1055,1
94707,3
113690000,1
11370,2401
12804,1
75248,1
10901,75
07401,14
93105,12
90019,2
111053118,5
55330,2
06890,5
06360,3
110210000,2
95616,2
104691419,1
112105126,1
13787,2
16137,2
112306504,1
100302104,1
90069,8
77373,142
32826,2
100272033,1
112331703,1
77084,3
11257,7
33594,2
90024,8
11508,1
112181401,8
07649,5
34952,5
50208,1
11303,1
85209,1
11962,1
101229,1
12801,1
11101-146,2
32771,3
112191325,1
07436,2
37618,1
11248,1
114180000,1
10461,4122
10118,247
92653,1
11801,210
347451559,1
34102,2
19007,2
07047,32
07648,6
33009,8
10282,34
33434,38
100170000,1
15217,4
02462,1
20016,5
100364402,4
33323,1
33602,4
14197,1
112150417,2
20002,3
116912321,1
29902,2
11216-340,1
10704,307
07076,27
08753,4
2,1
1002,2
70126,1
13413,1
115631005,1
1125,1
07836,2
32136,1
06906,3
08818,2
55107,4
112381533,2
07029,2
22180,4
V851A6,2
30328,2
44903,1
43469,1
10306,1004
10474,490
87557,8
10163,63
104687,1
91401,1
37077,3
26505,2
33154,16
112094009,3
112330000,5
08640,2
1223,3
10627,1
33138,2
14865,1
077555,1
12303,2
10016,8979
11426,1388
103102706,1
11556,9
77382,2
10172,78
112130000,3
100011949,5
01451,2
10924,20
10158,4
11764,21
11751,3
S11370,1
07070,4
11732,17
11401,1
07822,3
10045,2
100018,1
11211-372,1
19460,2
112350000,1
10459,2200
11420,923
113721536,1
06902,21
90036,2
12719,1
32082,2
112123916,1
30024,6
11952,5
10148,1
12771,5
37920,1
100226430,1
11620,1
18337,3
112153209,2
112082925,1
78006,4
19463,1
112110000,1
11149,1
07703,1
104614016,2
105665000,1
104611719,1
33458,6
114182456,8
11215,9663
10006,902
10902,1
10281,12
11704,22
28411,1
94549,6
113772330,2
13470,4
112225,1
33414,8
53562,4
05734,2
29203,2
1218,1
87505,1
06335,1
13747,4
12757,1
112143327,1
20854,6
21787,1
43213,1
27028,1
78222,1
# #,99
11767,16
32256,28
07747,19
18302,4
48070,1
110040242,1
112361015,1
11396,3
113681218,1
113857216,1
37421,1
01266,1
10818,1
11108,2
08510,1
112191425,4
79912,1
10465,1455
10021,2107
55902,5
57006,5
11336,1
BKLYN,2
11371,8
07764,3
06903,17
53511,3
100143833,1
11341,1
11305,3
17519,1
113756813,1
16602,2
14412,1
21214,2
81435,8
08833,1
11349,1
93422,1
104554650,1
07030,96
11249-321,1
10153,30
11513,1
20012,5
90010,8
32011,2
085424601,2
07603,1
02140,2
30311,1
07647,9
60189,1
14226,1
92101,2
33484,1
112093108,1
112074909,4
11522,4
104674918,1
101180330,1
10992,5
90006,3
11035,1
11318,4
06511,2
1001,2
00002,1
94110,2
53224,6
11547,21
75019,4
11488,1
11288,7
55113,1
85739,1
29406,1
11031,2
112012009,2
01018,1
24348,1
03457,2
94598,1
21230,5
096450027,1
18466,8
103125816,1
34229,4
08816,30
20112,1
20817,13
07727,2
91103,2
11567,2
11217-120,1
32963,4
112370000,1
23185,1
33073,4
34613,3
95776,1
30809,3
10427,1
08050,1
22311,1
20774,1
