7186816455,6
7183268261,8
7189335976,3
7182316592,4
7182936768,2
2125347639,8
7183511889,4
2124738152,7
7185159370,2
7189940132,4
7187565325,1
2129277739,1
7183884581,1
7182997490,1
7183874184,2
2122896227,3
7189922057,2
2122452807,1
7182365447,1
7185842700,2
7188919005,1
7188473370,6
7182306250,1
7186817093,4
2123040853,1
7183229012,4
7188214823,2
7183459393,4
7188573149,4
2122096006,1
7188240978,1
7183242854,9
7183792908,3
7184470124,4
7187834842,1
7186458667,8
7183819600,5
7183309328,1
7184642119,4
7188482700,2
7188575516,1
7184957759,3
7186994201,7
7188581160,14
7182922211,2
7184039544,10
7186471672,1
7186274440,1
2126775190,3
7185292580,12
7182439413,1
7182921052,3
7184415493,1
7183895842,1
7183797400,7
7188304910,6
2122284433,3
2127445905,4
7188531884,5
7182369003,2
7182925070,1
7182711222,1
7182918500,1
7186576618,2
7183536327,24
7184475686,3
7187223213,3
2125332020,1
7182718383,1
7184670306,1
7187122304,2
7189416700,1
7186383067,1
7188150186,6
7187481537,12
2123692227,3
7186523461,5
7183759506,1
2122222857,1
7183926944,2
7188815589,1
2128606003,1
7187606934,1
7183426249,2
7184532926,4
7187922650,1
7185254057,1
7184238395,2
2128629940,1
9175213824,1
2122349606,5
7184295700,8
7186652168,9
7186590471,12
7186439315,2
7188214810,5
7183727393,1
7184056330,1
7188851093,1
7182876431,8
7188480001,5
7184426123,13
7189841197,11
7188928600,8
7188214248,6
2124772090,1
7186542055,2
7182990300,1
2127721220,3
7184982811,4
7184644167,1
7185205900,1222
7188214882,1
2126782854,8
7184301890,160
7182631919,4
7188580249,1
2129279233,1
7183633133,1
7189044200,10
7189935000,8
2127222205,1
7187826334,1
7184219560,5
7183831940,1
7186291670,3
7188494870,2
7182250895,1
7189912020,1
7182514411,13
2126661278,2
7182362906,15
2126905945,4
7186816220,3
7183337650,1
7182928627,1
7189270012,3
2127778333,2
7185289053,9
7184632348,1
7184383230,2
7183309280,1
7182717572,28
7183516777,11
2129800294,3
7187430220,2
7183870375,1
7187734869,4
2129665460,5
7183292902,1
7184238621,4
7185843043,7
7185740244,5
7189911855,5
7188225311,3
7185740390,5
2129423440,2
7186986661,3
2124069411,9
7182714971,2
7188605060,1
7183576606,1
7182306300,1
7184028481,5
7183801247,4
7187887608,4
7185852100,2
7185612052,2
7185742333,4
7183993824,2
7184356034,5
7182765140,6
7186658866,1
7185845275,8
7186963800,3
7186984200,13
7189394594,2
7184957751,3
2127572026,1
7184446969,3
7182908700,1
7185742365,11
7188983630,6
7189916349,4
2126464100,1
7186170662,9
7184645544,2
7183795951,4
7183309227,4
7189445610,2
7185831736,1
2127495800,31
7182432593,2
7183893623,2
7184972908,2
7182352223,2
7185840832,2
7189658900,1457
7186519571,1
2127371530,2
7185331013,4
2127574343,12
2126782865,7
2126477410,3
7189917490,2
7189810502,4
7183241262,4
7182976580,2
7188314000,4
7186229285,1
7186171514,1
7187612155,1
2126782960,1
7182924150,1
7188224440,10
7189515941,7
7186222960,1
7182639770,5
7182920260,1
7183316800,1
7182908600,6
7186263035,2
7184644505,2
7183309310,3
7182828828,1
7189653331,1
7188463335,9
2128605847,2
7184957791,3
7186364900,5
7189870396,4
2123870195,2
2126743180,2
7184380155,1
7188314010,1
7182923594,8
7187712787,16
7182979821,6
7189534569,6
7186816227,4
7187969645,1
7189910860,1
7184367200,1
7188462731,1
2129271563,8
7187284646,6
7185421537,1
7188225325,3
7183590620,3
7182781915,2
7189373010,3
7185893058,5
7186718550,1
7188314016,3
7185291885,1
7183527800,5
7183837600,1
7183530009,1
7188422655,2
7188574503,2
7188601630,5
7188968511,5
7187587200,5
2128764639,4
7185208197,1
2127815700,2
7185990371,1
7185894844,4
9174921481,1
7184348670,1
2129270607,5
2123877687,9
7184104210,5
7185997301,9
7186364725,4
2129667237,1
7188986973,3
7182520058,4
7184672865,1
7184498000,9
7185898090,6
7186861457,3
7185843645,4
7185841660,1
7183619920,3
7187924003,12
7184983717,7
7188214623,5
2125011235,2
2126736510,3
7186559164,1
2128601372,1
7184387771,1
7188339363,6
7186816776,1
2126782826,5
7184787171,2
7185742373,10
7184474543,2
7187480650,3
7188550326,1
9175207212,2
7184645768,1
7182768686,51
7185628551,1
7188421461,3
7184471191,4
7184423860,1
2129234057,5
7182924397,1
7188618641,3
7186047363,3
7189045550,5
7184957781,7
7188560600,2
2123691564,4
2125673164,3
7184652286,2
7183536342,72
2128605801,8
7184795540,9
7189941395,9
7188438390,6
2124960700,5
7182825230,3
7187624141,2
7182365466,4
2126903014,5
7187334559,1
7183908027,12
7188324201,1
7187740300,4
7186934363,5
7183459100,4
7189914634,4
7185256439,1
7183309390,1
7186580980,1
7185732307,2
7184655538,4
7183361300,2
7185285399,3
7184957793,1
7185837750,2
2128315153,2
7188346740,1
7185261906,8
7183757635,12
7189841688,6
7185836767,5
7184420216,5
7186224786,1
7188240950,5
7185264884,4
7189609520,4
7184523440,1
7183663040,1
2127991033,8
7183511225,2
7188610759,4
7184534081,1
7185389726,1
2122190258,21
7185434595,1
7183901800,6
7184625298,6
7183245188,4
7189695510,1
6466742800,3
7186585407,6
2129251080,3
7183357648,5
7188812418,1
7183337400,12
7188425656,6
2126752756,3
7185843926,3
7187893962,2
2125440614,2
7185919000,5
2128601380,2
7183777696,1
7183468103,10
7187737765,1
7189781536,1
7183275828,1
7183697603,1
7183451223,1
7184985257,2
2125355235,1
7183536464,5
2123344663,2
7183322003,2
7187866703,7
7186550261,4
7182306333,1
7189443548,1
7186451334,2
2122628113,4
7188236042,1
2126782812,3
7189010436,5
2122288730,4
7186933023,2
7186574760,9
2122424140,1
2122344631,1
2122892708,1
2129275600,1
7182916264,6
2125862943,3
7186478387,17
7183840889,1
7184412165,5
2126666400,5
2123682413,1
2122268410,1
2127446562,3
7184186389,1
2128601383,10
7183875641,2
7188346774,5
2128286756,3
7182561118,3
7185846004,3
7187740105,1
7186994245,12
7185379912,4
7188610852,2
7182717851,1
7184099040,1
2126782908,3
7185837007,5
7185290266,1
7182322500,3
7186218800,7
2123124800,6
7187969200,2
7187847447,1
7187431954,1
2129260113,7
7185730288,7
7187436689,6
7186423000,7
7185381515,2
7185292547,6
7186261500,3
7183298550,3
7188214860,1
7185312437,2
2122349603,30
7184957768,10
7183652502,1
7184915684,1
7189453300,8
7182418488,4
7183667120,2
7188224191,1
7187390007,6
7184986562,5
7182711021,2
7184458833,12
2125827420,4
7184394296,3
7184645773,1
7185841295,2
2127991477,4
7188369722,1
9173266668,4
7182417711,3
7182574034,5
7184353804,7
7182415757,6
2129272400,1
7182775044,1
7185854024,1
2128606047,1
7183768494,4
9175211875,1
7183357500,6
7186256130,3
7188220126,3
7184520519,1
7188225341,5
2126782868,3
7184107230,1
7184937736,3
7183565050,2
7183255834,2
2125675456,1
2122850300,1
7188217246,1
7184056360,2
7185841570,1
7183523939,7
7184202100,6
7183309277,4
7182525046,2
7187634701,4
7186817214,6
7185256507,1
7183596676,10
7186479500,5
2127573067,1
2122551235,5
7188346734,2
7183420493,10
7188030060,1
7184056300,5
7189374270,3
7185844203,4
7182786403,7
7182361344,2
7183574650,3
7184247700,4
7185441083,2
7183392464,5
7184422891,2
7182320685,1
7182660814,1
7183865136,2
7188336710,2
2124080250,237
7189658973,2
7187825352,14
7186966010,3
7182063240,5
7184238747,3
7183202066,1
7187334656,1
7183022085,2
2124914107,25
7183357272,8
7188432260,8
2125750693,3
7186499216,12
7184746918,2
7188364630,2
2129475466,1
7186424305,1
7187385126,16
7189782135,4
7187460818,12
7184656283,3
7185478827,1
2128605854,2
7189320909,1
2123043320,1
2122428752,2
7187895835,2
2122837904,11
7182568218,13
7186477539,1
7185630776,1
2122221450,6
7189984298,4
2128608935,2
2126272020,31
7185273501,5
7185740273,2
7188544100,1
7184238491,1
7184992412,2
7187560210,1
7185740325,5
7189224690,3
7183780006,7
7187044484,2
7183870228,3
2125011110,1
7184656820,10
7187270985,1
7183452706,10
7187678810,9
7185843045,6
2122800209,1
6463958083,1
7189968199,3
7187787305,5
7187460396,12
7184238100,12
7187560122,3
2124755500,1
7182259187,1
7188853247,31
2124911714,1
7186480882,3
7186347914,16
7184612219,2
7184023300,2
2126745000,12
7185851640,4
7182733500,4
7188490992,2
7183880607,1
7184527474,1
7187795068,3
7184103430,5
7187968845,11
7185920300,7
7189531658,2
7182669477,3
7189014792,3
7188455942,6
2129242810,4
7187278481,6
7188217772,1
7182354100,114
7187891191,3
7187603233,2
2128311517,1
7182533700,5
7182297600,4
7185740261,2
2122287836,2
7185289173,9
7189653333,4
2126029700,12
7186051189,2
7188243152,2
7188828865,8
7188604181,1
7189226289,1
7183908000,290
7183872800,10
7186475204,4
6469150025,2
7184376135,3
7183617464,60
7182776116,4
7188470724,4
7182920880,8
7187367100,2
2129801888,1
7182323873,2
7187250402,1
7183309295,1
7189870709,46
7185844450,6
7185050140,1
2126782898,3
7182925478,2
7185610973,1
7185314852,3
7185277577,2
7187282676,4
7188601053,1
7186520519,1
7185740252,1
2129264465,3
7187798356,1
7189966706,3
7186933426,6
7182768785,7
7187452377,3
7188346752,2
7185836866,3
7189223505,5
2129277850,2
7188566560,3
7186384043,6
2124272798,3
2126774481,1
2123430959,1
7187764728,12
2129277857,5
7182362380,10
7187634015,13
7189815034,1
7186012869,1
7187161196,1
7189613480,4
7188817780,3
7184957805,7
7184028378,1
7184238333,2
7184471274,1
2126782829,1
7186470111,6
7184380337,5
2128605877,6
7187714865,1
7188247350,12
2125760500,3
2126905915,4
7188168897,1
7184855240,5
7189781837,1
7184056345,5
2125349667,2
7189786432,3
7184414448,1
2129622188,2
2126785888,3
7182305748,1
7184444316,4
7189443401,1
7187317900,2
7189840101,3
7184384010,2
2126744545,1
7184986680,1
7189338061,1
7185438672,9
7186225271,10
7184455730,1
2125358610,3
7184464700,11
2125672322,3
7185842330,5
7187845250,2
2125861819,4
2126755350,2
7189045570,5
7186208160,1
7189326916,1
7188225351,27
7183753523,18
7186949741,6
2123460708,2
7185894560,2
7186383260,1
7186490765,1
7185832360,3
7189935146,3
7189336671,1
7182640916,1
