11433,356
06042,5
01060,1
75204,1
10216,2
63134,1
13379,1
33468,2
11249-403,10
07931,4
20006,1
06107,1
19104,2
11223,681
60523,392
11372,354
10035,154
10456,204
10015,4
10107,38
19006,1
84121,1
111102,1
1432,1
19462,1
10218,1
07736,1
103,5
11269,1
11565,3
10085,1
11317,4
55404,1
11570,17
111221,1
10977,35
34145,2
11430,11
10021-35,1
114111,1
07605,4
11720,4
07657,20
100036,2
17003,6
19305,1
100010000,1
11050-466,2
10414,1
11543,2
11358,511
10705,82
11105,593
11507,21
11583,5
11710,10
60607,5
1693,1
10477,3
11309,1
11210,549
10028,763
18343,1
07102,42
01886,5
10920,7
1355,2
12524,6
10403,2
11415,154
07092,43
02116,33
10804,11
19380-456,1
07111,87
02114,1
11040,439
11361,491
112305002,1
10551,2
07055,23
02895,11
08553,2
11705,1
11297,1
20037,25
12521-555,3
07306,6
07470,13
92660,4
10962,4
212808,4
11424,2
1120,7
11557,17
107011,1
10173,3
08844,1
10916,1
104646,2
19103,3
112222,3
11231-210,2
08852,18
07302,27
11516,42
100038,2
11228,492
11747,26
10956,13
07068,1
37918,1
11739,2
07062,1
116941,2
10983,2
10182,1
10016-504,1
07662,3
12019,1
112239,1
10033,245
10913,44
112199,1
06824,4
94105,4
100115510,1
94304,1
11649,1
10560,2
11742,1
13641,1
10510,2
10031,263
1370,1
06883,5
07626,2
45202,5
011712,1
45011,1
11552,19
10004,237
07608,1
06878,2
10604,15
103076,1
103106,2
11217,510
11413,580
11688,3
95014,1
10501,1
90232,2
10066,2
10541,7
10928,1
1471,2
11731,19
11432,648
11022,27
10026-357,2
07059,2
10112,16
94111,2
13202,1
07663,1
11614,1
111365,1
11268,2
07424,3
06830,19
90057,1
11940,5
10008,4
11363-100,1
10044,47
10606,20
10069,33
12520,4
91202,3
33307,1
07005,6
08755,1
10313,2
12095,1
07632,26
11347,2
110017,1
10516,2
111019,1
60610,1
11006,1
16063,1
10036,1173
11702,6
10027,609
1129,3
10471,237
98311,1
07104,1
11011,12
100011,3
100019,4
1248,8
110031,2
110025,2
03773,2
11465,1
1122,1
11233,582
10301,462
10453,170
076032,1
52499,2
100163,1
01121,1
103102,1
07676,1
07032,3
11706,20
20007,1
81620,1
07462,1
10100,1
11971,2
1146,1
110471,1
02146,1
11530,127
1123,5
10175,13
11753,64
11766,6
19025,1
10701,70
110004,2
03801,1
10049,1
12238,2
11212,578
10989,2
11229-442,3
06880,13
07495,3
90404,2
07905,1
10546,1
16828,11
66211,3
07719,3
12601,2
10982,10
10056,1
100033,1
15202,7
10014-,1
33160,1
11375,811
11354,1329
100012,5
11417,335
08691,1
75062,5
75270,4
19026,1
11551,1
1126,1
11788,39
11411,206
90028,1
10980,2
114376,1
10101,1
16021,1
10598,2
19135,1
11365,500
10037,146
07628,1
11716,1
10024,972
11209-630,5
07071,15
34236,1
55446,9
07480,1
19522,1
11319,1
10026,162
1225,3
33131,5
19466,1
10018-481,2
11374,409
10580,52
11294,1
12550,6
10176,24
1217,1
10174,34
13214,1
112049,1
80202,4
08854,3
10532,2
100144810,1
11211,1377
11234,933
11434,775
10025,907
07701,8
08837,16
11360,145
11324,1
06489,5
10171-,2
07630,1
10536,2
V4A 1B7,3
06460,3
11397,1
11561,17
85737,2
106,1
55118,1
07309,3
11560,7
06141,1
07042,2
10318,1
11421,268
20886,1
10029,406
11227,4
11348,1
112118,1
114322,1
16015,1
11316,1
02653,2
75039,1
10930,1
10707,19
11803,36
90265,3
10595,5
06831,5
37277,1
11496,1
11024,28
10121,44
10007,1378
11104,198
21226,1
07073,119
11590,81
76450,1
0730,2
33062,2
90071,1
08736,1
07044,1
11932,1
1466,2
01030,1
11312,1
11790,1
11244,5
10159,4
55408,1
08724,1
1011,2
12237,1
10151,47
11416,363
10106,63
11762,6
10302,292
07730,36
117001,1
11016,5
1902,1
78232,1
11412,520
11201-,5
11729,15
11013,1
33301,1
30094,2
06810,2
13088,14
10170,138
07450,3
11953,1
2333,1
10368,1
1015,1
11363,144
11241,15
92626,4
10113,1
11768,1
11359,4
11307,1
10406,2
10312,858
11250,1
18508,1
10520,6
1,3
11783,4
11235,731
10466,627
10506,2
11594,10
11823,1
1168,1
06710,1
11468,1
11323,1
06905,3
08547,1
07018,1
11559,27
11122,17
10279,13
08742,2
100032,2
12201,3
1220,1
16053,1
11243,11
10583,70
08542,4
94027,1
10691,1
1014,2
02109,2
110023,3
38103,2
100023,2
07733,9
13790,1
100257629,1
03087,1
10013,1262
10538,62
07405,1
11020,28
100013,4
100035,3
02199,1
07009,4
111111,5
11935,1
1226,1
10308,364
11030,104
11758,20
10708,17
06052,2
11225,312
10019,2227
07093,35
11937,4
312644,4
49417,1
07635,1
11300,1
1230,1
87122,2
10022-311,5
11941,2
19146,2
11010,18
15205,1
20015,4
114355,1
28443,1
44562,1
08858,1
78245,1
11576,62
06877,36
10952,21
1211,3
07224,1
81621,2
60015,6
10181,1
10120,71
23188,2
1009,2
111216,1
11474,3
10105,13
07458,10
08807,1
10,1
113789,2
11777,2
11791,212
10550,719
10032,243
10020,121
08034,1
08886,1
10222,2
11301,2
10607,3
10166,80
11793,4
10573,25
100919,1
1036,1
19106,1
11453,2
118301,1
08857,3
11639,1
08016,3
21218,1
06851,28
07094,22
10048,2
112172823,1
07052,3
07737,1
112114,2
07666,99
11204-223,2
30305,11
1003,11
07723,1
07028,1
02896,1
48104,1
23464,1
21078,1
10111,136
11763,4
21403,2
06784,2
19046,1
77025,5
11462,1
10041,44
11025,5
11103,366
02451,5
07660,4
100017,1
07960,10
43216,1
07645,10
11580,66
11356,499
02745,2
01923,34
11542,18
95358,4
11382,3
08611,1
114212,1
37205,2
112184112,1
11797,14
109010,1
10377,1
03079,1
1420,1
32869,1
11772,4
11101,4989
10018,1544
10027`,3
10566,2
100237,3
10125,1
10013-243,1
11538,1
07008,1
10418,1
07981,1
10155,66
10605,19
33487,2
07420,1
12072,2
11436,1101
93923,1
10123,71
11568,14
112234,1
33182,1
112081,1
11721,54
116392,1
02965,1
11693,256
11437,1
90401,13
78701,1
11027,1
10923,1
11042,127
12549,7
10063,2
10416,1
17543,1
07103,2
110456,1
1049,2
10745,1
32955,1
10119,141
08312,1
10082,1
07091,1
07074,1
08810,1
22033,1
55403,9
10034,178
10467,344
100176,2
16066,1
11482,1
11308,1
11202,24
11345,4
07096,11
03842,2
1103,1
10469,578
1025,1
0018,2
17107,1
19053,1
11096,11
10122,23
11715,6
44131,1
11148,1
12590,1
33179,1
113654,1
10949,7
10234,1
07748,7
02720,2
10594,2
08869,1
11893,1
08551,1
10314,1139
07795,1
10507,20
34994,1
33411,1
114334,1
111011,1
10553,194
10005,267
08540,6
1121,3
19406,1
17104,4
89449,1
1101,5
33139,2
12641,1
02903,2
55116,2
10307,272
10030,145
11596,74
0025,1
18701,1
12553,1
11222-208,1
11419,1976
10994,79
07036,6
11369,272
11121,1
60025,2
20607,1
30340,2
100027,2
63105,1
48093,3
111413,1
11458,6
13502,1
10075,561
10950,14
22030,2
07631,13
46220,1
06612,1
38320,1
08701,44
10017,1592
07643,8
11023-412,2
11679,1
11671,2
02169,5
100321,3
11346,1
06825,3
06026,1
10743,1
06890,1
10901,13
11370,175
112011,1
07401,6
100287,3
11303,2
11257,1
07649,1
95819,1
10118,45
11801,47
07047,44
16037,9
07648,1
10461,557
10282,24
10971,2
11209-598,2
10704,135
1125,2
1002,3
60005,1
10208,1
11546,1
1154,1
08818,3
90702,21
112017,1
11535,2
07029,3
10474,1038
10163,5
10306,767
1223,1
11237-081,1
85016,1
104456,1
75074,2
10016,2060
11556,17
27601,1
11751,15
10158,18
11426,228
100002,3
10045,1
10172,49
10043,3
100028,1
11732,4
11401,1
10924,3
23059,2
07070,2
11420,762
06902,12
10459,144
1369,1
18337,1
11215,1103
10006,218
11704,15
10281,100
60622,1
11128,2
94549,1
91731,3
117609,1
07747,7
08510,2
140010,2
60680,4
11396,1
11108,2
48105,2
10465,420
10021,1125
11305,3
48911,3
07764,1
11371,2
11129,2
07030,25
33484,3
07647,56
10153,37
66251,5
07603,1
11261,1
1001,9
06511,4
11547,4
94110,1
11461,1
11035,2
11288,1
100001,15
08816,8
09804,1
114113,3
07727,4
