94111,2
97209,1
19904,2
11022,4
02907,1
06716,2
77066,3
06830,57
10008,8
18210,5
11940,8
35901,4
08046,7
45302,1
32819,7
13203,4
12169,3
35244,2
18431,2
45246,2
93536,2
27514,1
96768,2
68801,1
10044,100
11755,35
08872,19
10606,36
10069,82
07005,28
76904,3
12210,6
08755,10
12520,9
44004,3
21113,1
34059,1
10313,6
84128,3
14850,8
07041,12
34715,1
10602,6
12010,7
30062,4
08260,1
18415,2
06413,1
12017,7
07632,98
10516,27
70130,1
85705,4
14051,3
30045,1
11959,2
06798,4
12570,9
68516,1
30901,1
20715,3
77090,1
60610,3
44202,1
20816,2
22210,3
06478,2
08108,1
70447,1
34689,1
10036,3264
10027,2137
10471,473
92805,3
11702,75
07104,56
19115,10
97204,2
62410,3
02322,1
75238,2
60178,2
07465,3
94941,2
68510,2
94591,2
02301,1
24739,1
10453,2514
11233,1801
10301,1574
77036,11
08002,9
56303,7
85259,3
81501,2
75057,2
06804,15
06762,2
14052,6
12528,10
12446,4
07676,5
17963,3
12106,2
93033,1
94602,1
75063,21
11706,288
11971,6
14094,9
14454,3
20007,6
19734,1
15108,1
10517,4
07032,33
28801,2
94607,5
91101,2
14519,6
89102,4
56002,1
17112,4
07950,4
81147,1
77095,1
33037,1
11530,254
76155,3
11753,97
14624,3
11766,61
36116,3
74134,2
10175,6
12469,3
02127,1
21921,4
60626,2
01253,2
80461,1
06870,13
10701,461
27455,2
30022,4
07202,33
15219,3
13905,6
10976,18
11786,20
44114,5
13320,1
03801,6
10981,4
10049,2
21239,6
90806,1
18938,3
02535,1
18653,1
11212,2433
07848,4
01852,4
10989,51
19123,2
12569,10
11957,5
06880,8
70435,2
17078,2
08536,6
29585,3
12602,2
10546,5
18325,3
12742,3
08550,4
12601,38
85282,17
84097,2
L0E 1,2
12540,12
07719,15
13040,1
77379,1
61071,3
87106,1
66211,6
55121,2
30360,4
63128,1
32025,2
85226,3
33160,3
30087,2
98052,1
83680,1
14621,5
20906,7
44102,1
94566,1
11354,2467
10925,22
11417,1308
11375,1953
07304,93
91950,1
1126,2
19026,6
70461,2
06416,3
22820,1
20155,3
55344,5
15102,1
08691,4
08041,1
76248,2
11551,1
23503,1
10598,153
11411,441
50701,9
11788,108
10980,30
60148,9
10101,47
66614,3
2023,2
07034,6
16801,5
52101,4
85283,4
27310,3
08865,2
60164,2
19135,1
34212,1
07451,2
12020,1
11365,1123
27407,4
10037,640
11716,89
07628,28
13440,2
27409,1
06461,9
94960,1
02113,1
21793,3
38138,2
12436,3
12567,3
10024,1620
37917,4
PH,1
34236,2
07071,52
94551,3
18042,7
12748,5
07480,7
L4V1X,1
33014,1
H4E1Y,2
44085,1
10026,1512
14209,4
75080,4
33952,3
33131,6
75205,3
21215,6
14512,3
11425,1
07718,6
20120,3
07757,4
18651,1
11374,1392
12550,91
08060,16
08812,21
13214,4
08854,34
10580,49
84119,6
10176,8
10174,13
41108,3
10532,34
76112,4
37777,3
37066,1
40505,4
20190,4
80202,2
18062,1
08850,1
13844,3
12440,2
84060,2
47906,1
N/A,1
12501,1
08828,2
11234,3139
10025,2322
11434,1744
11211,2303
11360,404
08837,31
66215,8
07701,28
07630,9
06371,3
08318,1
22553,3
00051,1
06355,2
45387,1
28173,2
96712,1
06483,2
91354,1
60077,10
10536,55
60604,5
10963,12
33409,3
06460,13
32835,7
60123,4
14207,10
60555,3
61569,1
30152,1
07882,5
08086,4
37027,1
03784,1
48162,1
70520,1
33983,1
02874,2
56301,1
55943,2
11561,254
60630,8
20017,3
07042,36
11724,46
85014,4
11560,64
12481,6
08005,4
92881,1
55311,1
75109,2
06141,1
12822,3
40215,1
06605,3
12491,1
10931,1
75082,5
11421,1406
10579,116
60631,4
97527,3
46216,4
97221,1
33176,2
77063,5
92123,5
33169,1
89014,4
12304,6
33870,4
13776,3
48025,2
48739,1
15301,2
01775,3
77545,3
29464,3
110 0,1
94301,1
78745,1
77581,1
92648,1
19149,2
10029,2513
10930,20
80021,6
75039,8
37211,1
18940,3
07866,20
60085,3
22310,1
29687,1
10535,3
18322,3
33917,1
20886,1
10707,129
11803,256
10537,18
10595,49
14830,3
06831,20
85301,3
07874,10
53913,2
20850,3
12309,5
75218,3
08618,8
47303,2
22015,8
21903,1
20855,2
44062,1
27101,1
20772,2
19603,1
11104,1181
10007,645
11024,15
11590,471
07044,16
12157,4
07073,26
12764,6
10121,15
08736,22
11932,5
33062,1
30518,4
18641,1
60657,3
80121,1
02879,1
90071,1
20011,12
19803,3
11790,27
30066,2
10159,22
80027,1
08724,23
11951,8
92705,8
15909,3
14216,1
11416,1179
10302,1139
12100,4
11762,124
55437,6
10106,10
07730,33
32068,1
08904,6
10151,8
06820,15
10986,12
84020,3
33486,5
122 0,1
18201,3
12525,5
29690,3
60618,3
93111,2
90302,2
11729,419
40223,14
11412,969
48840,1
56003,4
06810,25
92056,4
01010,2
19506,6
27545,4
33301,5
55423,3
58501,3
11752,29
46013,2
84058,1
10503,1
10102,1
10276,7
01089,1
20019,1
14068,7
19801,10
78216,12
11953,44
50702,3
07450,31
10170,25
29715,4
77552,3
44111,3
14456,4
13088,5
13142,1
48044,1
60642,5
02908,1
63122,2
04103,3
14580,2
11768,99
11363,213
11241,9
23606,5
92126,4
92626,4
11359,2
11955,3
17015,3
10113,8
34120,3
18336,3
32407,1
10312,1993
11783,143
10520,47
07114,22
80014,6
18508,5
18045,5
45822,6
77035,6
14213,2
32738,2
78240,3
12575,3
18704,5
33606,2
11235,3300
10466,1746
1780,13
10506,38
11804,20
07018,33
77081,6
06905,28
98335,4
23502,9
12027,4
33617,4
85735,2
32958,1
02465,1
06710,3
43068,1
35902,1
91355,1
78731,1
10279,21
92867,4
33441,7
11559,80
10590,30
12201,2
01151,2
13788,2
34604,6
08742,9
08827,3
60047,3
12473,4
33155,1
19101,1
20004,2
32792,1
10583,233
10567,101
57108,1
12996,1
08302,2
07022,40
30134,3
02828,1
20732,3
01002,10
13753,2
11243,1
08026,8
03087,4
76710,2
13790,8
07733,37
13732,8
W1A 2,1
90291,1
08832,2
10013,1994
10538,75
98121,30
02199,1
11020,75
76053,2
07088,5
07405,18
40070,5
33637,1
07009,7
94115,3
64111,1
44089,1
10587,8
33701,2
11935,1
12495,1
13796,1
1226,1
33020,1
10308,856
11758,326
11030,162
10708,203
77042,8
10958,16
30349,3
97526,4
03101,3
11782,34
19473,3
05446,1
72120,1
11937,28
77057,9
10019,2782
11225,1534
07093,206
11930,9
10162,18
84117,4
15220,3
48331,3
54401,3
10596,5
18436,10
03301,2
12563,20
38501,1
11954,5
45871,3
92084,1
21205,1
43235,4
81003,3
06418,5
11941,1
11765,3
19422,2
55407,3
12486,1
21037,1
14845,6
85258,1
20783,3
19146,1
05826,1
54481,3
77218,1
14214,2
08081,3
33990,1
11010,342
15205,6
32750,6
SW72L,2
12172,2
11975,3
12029,4
70809,3
N3S 7,1
37772,3
12594,2
07702,2
20015,2
37214,9
11576,78
10952,73
30309,3
08520,26
06877,27
78746,2
94597,2
31401,2
07927,3
08848,4
31801,1
66083,2
1600,1
85008,1
11777,22
10108,26
07760,19
10120,15
84115,4
18519,4
27616,6
07458,20
13166,1
10105,9
60089,4
08807,3
06390,3
85006,1
75065,1
48204,1
12175,1
23188,2
10032,1628
08886,5
11791,226
10550,434
10020,242
08034,4
07050,24
13206,3
19154,5
03458,3
32204,5
01801,5
08098,1
73118,3
75707,3
23325,2
33141,1
20634,1
11793,188
19106,4
77082,3
10607,65
10573,147
92108,21
19013,606
07834,17
30012,3
07642,4
95330,3
10166,27
18346,5
63780,1
64086,2
17602,2
77478,1
20896,3
44022,2
19142,1
08857,81
17603,4
85281,10
94108,1
33773,2
12018,4
33056,1
29229,1
94121,3
43612,1
02038,1
11970,1
07094,57
06851,16
95762,3
43017,5
89117,6
07052,47
12428,6
53110,1
85249,6
44130,4
07063,6
10048,2
08731,3
07737,7
07432,1
10998,1
19055,1
03903,3
75225,6
01364,1
14048,2
96821,1
08829,1
30034,3
21218,1
07666,107
37601,3
57401,3
33334,2
70817,3
14211,13
07028,10
30305,1
07206,23
02478,3
30331,2
12094,1
08518,1
07739,2
55409,1
06706,3
23464,1
48038,1
98126,1
13032,1
02132,1
60069,1
33157,4
11727,70
11763,79
33547,3
10111,11
55441,7
06784,12
20721,1
01062,2
19046,5
77573,2
60620,4
21403,2
19090,2
07940,1
73162,5
11103,2132
50266,10
02451,3
19034,10
28269,4
14212,5
94705,1
85260,4
07645,17
08884,6
07660,32
07960,21
10041,13
0005,1
17872,3
34724,2
14772,2
18469,1
11356,1054
11580,707
01923,6
11542,200
43215,8
42503,2
55092,4
94619,5
07849,5
08611,3
60504,4
93703,1
90004,4
80204,1
94605,1
02563,1
11797,75
63026,4
63301,10
91710,1
03079,5
94965,4
0000,2
12547,4
22939,1
01833,3
77703,2
06520,1
10018,1809
11101,2374
07208,18
07008,38
10566,73
07981,12
11772,135
43230,11
12065,12
43212,1
22204,6
21014,2
19119,2
30288,2
68104,3
10155,37
10605,70
19143,15
12901,7
60603,3
33487,5
30189,6
37615,3
12522,5
66213,3
01966,3
19056,1
08751,2
29569,1
22150,2
22551,1
29403,1
11436,583
11568,25
07758,6
10123,32
27606,2
78759,4
19152,5
91942,2
43229,1
21702,1
18017,8
22042,3
95621,1
23066,1
06410,3
32714,1
40300,1
06484,17
07481,26
08110,2
21015,3
92806,7
11719,20
77338,4
06492,4
11721,15
08065,1
07656,8
21032,2
21811,2
06405,1
33322,3
76234,2
22401,1
62454,1
32708,1
1614,1
11693,378
10923,12
20001,1
08514,5
30642,3
02124,10
53051,1
94017,1
08501,1
01605,1
93015,3
92603,3
18702,1
93221,2
12859,1
14625,2
04105,8
000,15
12549,21
11042,11
07103,83
54650,3
33063,8
17543,4
06708,9
85257,4
45230,1
08535,12
60142,1
46342,1
19707,1
95407,1
17036,3
20724,1
10984,3
77058,3
20904,8
32955,3
55391,2
22305,1
24590,2
01824,1
12743,1
90210,11
10119,76
02914,6
32825,3
11950,26
00968,2
12496,5
1810,3
29730,3
54601,3
08810,1
90405,2
G1V0A,1
33446,2
08853,2
75142,2
08029,1
07074,2
10467,3054
10034,1283
43220,5
00000,15
18428,16
77074,7
22701,1
77550,1
72762,3
27529,1
12779,3
30269,1
05251,1
17061,1
13421,3
30348,54
11202,45
27704,3
H3L3T,5
60712,2
44122,7
07879,2
08822,9
22801,1
90015,2
03049,1
90068,1
45426,1
41073,3
85717,2
45211,3
10469,2139
45242,35
19053,13
07108,41
18072,4
02888,3
91205,2
66206,1
70183,3
H7L1Z,3
95032,2
87114,2
11096,155
12590,78
06770,9
37804,3
85029,6
80302,6
19114,5
91360,7
11715,9
10122,12
55406,6
12205,8
60612,5
04104,1
03894,4
02356,1
45917,1
33179,2
08210,3
27597,1
59901,1
56143,1
10576,39
62223,3
11949,30
10594,38
12521,3
07748,45
43232,3
10949,1
02720,3
15218,5
66210,2
10914,4
08869,1
10629,1
83709,1
80030,1
10314,3269
78681,6
10507,24
98201,6
80111,14
55304,5
08551,6
30274,1
20832,3
04071,1
12543,3
33411,4
13838,4
04669,3
27104,1
H8S3E,2
33913,1
45458,1
47304,1
10005,381
10553,80
08540,14
43512,3
07107,35
44041,1
01028,3
17104,2
12783,3
07442,8
80214,1
18104,3
89449,1
20110,2
18612,1
81230,3
30336,1
33761,1
07064,1
22312,6
55430,7
22202,10
89113,8
1101,7
11252,3
22302,3
02903,1
19713,7
33139,17
08730,7
20008,1
18458,2
10307,654
10030,1035
12553,52
11596,131
10927,5
L3X1V,6
10968,12
01830,4
99999,2
21208,2
M3B 1,1
77449,1
55975,3
24501,2
01880,1
50180,1
13601,1
98650,1
11419,2573
11369,980
06385,6
10994,35
07203,18
07036,57
48089,2
95112,3
91302,8
02493,1
75094,3
07946,3
95118,2
33029,1
20646,1
1634,17
43219,5
20130,14
12093,3
21236,2
72209,1
48093,3
63366,3
01810,6
13502,4
02130,3
04548,3
07755,1
23605,2
78741,1
20874,3
63105,1
06477,3
30340,2
95050,1
10075,838
10950,89
06468,11
07631,110
85018,1
29492,7
75090,12
06612,7
93065,4
89434,2
08104,6
15642,1
22030,2
20878,5
33024,4
20005,1
01803,4
23227,3
18630,3
02148,1
23225,1
10017,1957
08701,102
36609,8
98036,7
07643,24
02445,3
92868,5
16061,1
19317,3
55343,4
05445,3
24014,2
14206,1
98363,2
19118,4
36117,1
21201,1
1631,2
06825,8
33626,7
32566,1
13807,2
00802,2
01230,3
76034,3
04401,4
06896,9
12076,4
06777,1
13431,1
94066,3
22172,1
11370,716
75248,3
10901,86
06450,7
07401,18
JMC,1
06890,11
06607,9
17111,12
55330,4
06473,4
23513,4
12804,2
80603,1
22044,1
06032,1
78744,7
07436,8
20879,3
76244,1
07649,24
12424,6
76116,1
77084,2
90024,1
43015,1
14301,1
17821,2
90069,2
12801,3
10118,36
10461,2277
11801,455
10282,81
20016,7
07047,140
19007,9
07648,17
20148,1
43537,4
33323,10
13778,10
33770,4
20002,9
33602,3
33434,7
06118,1
92653,1
60641,1
33009,1
34102,2
66223,1
77219,1
10704,761
31794,1
02061,6
30043,9
07076,26
08753,20
65804,3
1781,5
60005,1
17011,9
40005,3
08733,2
80501,1
07836,10
07827,2
12046,1
61602,3
47240,3
37067,9
30328,11
08818,1
13210,6
07029,13
32136,3
06906,6
22180,2
92081,3
32536,1
28212,1
10306,2256
10474,730
80920,1
28227,4
10163,55
12197,1
07853,5
22032,2
12303,2
75074,2
48033,1
37377,1
46268,1
10016,2197
11426,717
11764,23
00850,5
11751,43
89146,3
11732,31
85050,1
10924,23
10172,14
11556,10
07070,63
91406,3
01451,3
23059,1
10158,8
19144,1
12725,3
18942,3
06712,3
23651,2
21140,2
11420,1980
10459,1808
06902,54
30024,3
95624,4
12771,14
18337,10
78229,6
11952,11
12719,6
22201,10
33458,2
19133,3
90036,2
27527,2
94574,3
32081,1
11215,2416
11704,173
10006,183
85710,2
1224,5
60622,3
10281,25
67207,2
28411,1
78735,6
33414,2
53562,4
80465,2
20854,3
32256,27
07747,74
11767,55
48105,1
18302,21
19720,5
94608,7
60310,2
01266,2
83090,2
08510,11
97303,3
02134,2
55398,3
19971,1
21136,1
10021,1380
08833,19
55902,6
10465,1282
06903,32
11371,48
33166,3
92610,2
92807,3
64118,1
49301,2
07764,14
06370,1
53511,1
23233,5
21282,1
17519,1
44136,1
41048,4
33762,6
72745,3
10153,18
33614,9
92101,3
07647,20
07030,61
90010,2
07603,39
96814,1
66251,6
14226,6
03054,4
07423,6
11969,1
30311,3
33068,1
33635,3
21207,1
33484,4
28147,1
46077,1
21231,1
75019,4
29406,3
55113,9
10992,13
76712,3
53224,4
18034,2
11547,17
33896,1
22182,3
94110,2
08801,4
07821,1
06511,5
14605,1
48390,1
02093,1
80212,1
08816,57
08050,6
08053,10
07727,131
10505,9
18466,11
68106,8
34229,7
58104,1
74137,3
40741,6
77040,1
23185,3
08802,2
77234,3
20782,3
01887,6
06704,1
