total number of rows in this file: 1631
41105,3
11563,25
06873,1
94102,1
11332,1
11722,1
1436,1
104665,1
07820,1
19132,1
11236,727
11205,1693
10309,646
10272,2
10603,18
22314,1
125,1
11313,1
11222-615,2
08619,1
H4P 1M7,2
07004,4
23236,1
10801,276
11106,333
90211,2
30005,11
07079,2
10114,1
11251,1
11351,3
10110,58
94568,5
08030,1
124,1
95402,1
60661,3
11218,788
75219,2
21117,1
11795,6
20723,2
57201,1
11002,11
10805,1
10417,1
111363,3
10452,175
11510,11
111548,1
11463,2
16031,1
50328,1
1043,1
10523,63
33480,5
33129,1
06855,1
94107,4
80401,3
43054,4
44706,3
103012,2
60611,30
10512,6
1008,3
11534,1
10563,1
10169,23
60173,8
11428,245
07501,1
11245,7
11749,5
11537,3
10433,1
11048,1
11237,429
10710,42
06807,9
11204-431,1
10177,39
11234-144,6
11718,1
11280,4
64644,14
11379,335
11021,501
10803,50
11467,6
110038,2
11756,15
49464,1
11,4
63131,15
11738,2
11306,1
1041,1
114234,1
33127,1
11364,378
27712,2
98104,1
46240,3
02454,1
111428,3
08820,4
07307,6
11109,22
07670,1
55066,2
20009,1
02359,1
10974,1
11249,336
10703,129
07921,12
112,3
37072,3
37204,1
07002,11
07746,4
10904,1
113566,1
55401,1
10918,1
10012,747
11001,214
10502,5
32837,1
100218,3
118012,2
30338,2
11571,1
94104,1
11238,585
11385,727
10039,96
07311,4
11327,1
11978,5
30067,1
08840,1
11388,1
07080,4
18103,1
10124,2
11113,2
112121,2
111101,1
75038,1
11427,245
11582,3
1215,1
10179,5
42701,1
!0023,2
1002.,1
92627,2
1314,1
12603-246,1
07086,2
113,2
10530,97
10022-165,2
06850,9
10104,21
29615,2
01124,1
110463,1
11068,1
15238,1
02062,1
11759,1
10010,940
11367,300
11255,1
11029,5
11968,1
11326,2
10138,3
13026,1
02118,1
11120,1
11273,1
07016,11
60654,8
1124,1
432182,1
06811,4
0029,1
2288,4
116932,1
10038,1172
12866,9
10954,6
10178,21
10150,9
10152,20
000000,4
80210,1
10302-200,1
02453,2
01701,6
11520,29
11394,1
102811,1
18069,1
11717,2
07826,1
07305,3
141427,1
113543,1
10470,152
08057,5
10009,663
08902,9
12518,1
90230,1
10709,6
11754,1
01569,1
60605,1
10128,722
11355,515
80788,10
30366,3
90067,1
75024,1
10861,2
12775,1
07606,1
100029,1
07054,98
07072,121
11239,57
08873,2
10464,77
33312,2
19102,12
12409,1
06040,1
103034,1
08738,1
40031,1
91403,4
07452,6
11566,32
20191,3
29306,5
02139,1
92651,2
30303,1
48076,5
10450,2
113779,1
15237,17
17717,4
080101,1
10476,2
1045,1
11947,1
11501,50
12208,1
10514,6
78756,1
1379,1
10480,1
11213,433
93063,1
100022,4
19136,1
07031,2
11353,4
07078,11
10562,13
07936,7
53117,1
11304,2
11690,1
10802,2
11787,12
11518,8
11050,33
11554,6
10960,33
1143,1
06606,2
104515,1
1357,1
11681,2
11555,4
10001-582,2
11357,626
07677,2
08901,36
07446,2
19610,2
10457,526
10475,130
91423,5
076321,1
10000,1
11802,2
07661,3
11314,3
33914,1
07013,2
11214,571
11226,409
48875,3
1004,2
101161,1
07751,2
891177,1
10180,1
11028,1
07065,1
11224,304
60606,46
10285,7
07083,5
60614,1
09401,1
112427,1
33015,1
113729,1
30346,1
07503,4
10961,1
07046,2
10552,2
1141,1
07621,1
11263,2
100025,8
04013,1
19382,3
10128-684,1
07014,3
04101,8
12545,1
109620669,3
116997,1
15236,1
22102,1
11221,644
11414,348
11514,39
07081,8
236002,2
07869,1
11435,864
60010,11
11714,10
112494,1
11110,2
06611,1
91367,1
11231,695
10011,1211
13090,4
11004,155
11019,4
12209,1
10509,15
07716,6
112230,1
07762,4
103309,1
08525,2
10229,1
11012,1
10116,7
12060,1
11178,1
30082,1
10076,1
20706,1
11201-505,1
07726,25
10156,6
100161,1
60179,1
07753,3
111208,1
75234,1
112151,1
33025,1
10549,10
02492,1
08559,1
08882,1
60062,4
114335,1
1006,1
07024,111
33496,1
07017,4
90038,4
11285,4
1462,1
53158,1
90017,1
11229,602
10310,337
10473,301
07601,6
10171,18
11976,6
11509,15
08502,1
11258,1
114112,1
11469,2
11980,3
89118,1
11230,726
10528,26
90630,1
33133,1
10522,6
10268,1
90045,1
1030,1
90040,2
89147,3
33134,3
11216,612
10014,736
10305,585
07610,1
33418,12
1022,5
112378,2
14603,2
100,3
10584,1
06840,1
80129,5
111354,4
1106,1
11418,669
10280,27
07646,1
11044,1
55057,1
11023,88
11746,114
10463,351
10850,12
11383,1
43218,1
11456,8
08054,30
10278,1
55447,9
07728,1
100242,1
11335,1
11696,1
10185,1
08879,1
29413,1
10462,434
11242,26
11550,21
07514,1
33462,1
11502,1
07650,3
100005,1
89101,2
27615,1
90278,1
11017,1
100071,1
10455,132
10001,2362
11697,180
02108,1
1232,1
.,1
06613,1
80237,3
07731,2
13303,5
15222,1
02189,1
11302,1
100183,1
11368,532
11691,583
11735,26
11018,4
10003-122,1
19047,8
06033,1
11102,226
11116,2
10019-111,3
112335,1
75201,1
114339,1
01940,1
11169,1
12313,1
11422,379
10358,2
1238,1
07057,3
12564,2
10055,6
22192,6
110065,2
94103,4
917586,1
06482,1
77046,1
11208,679
28374,2
10413,1
33137,1
07511,3
12207,12
12760,1
1007,3
21030,4
11963,2
103014,9
11090,1
11204,904
11548,14
07624,6
11740,23
0172,5
07201,2
92618,2
60602,1
10456`,1
15551,1
55402,8
33026,1
11232,391
10304,486
07012,36
02210,12
10533,1
10601,128
103109,1
78703,1
100007,2
20814,4
10460,242
11757,359
19709,5
11264,2
97229,1
10547,1
02184,2
112281,1
10303,328
10165,70
112321,1
01040,2
02840,2
11352,2
06755,1
11466,1
111137,2
12584,1
10286,16
11429,281
10103,48
10167,7
11761,2
07010,6
33149,2
60527,1
1419,1
11380,5
33534,2
13012,1
60174,1
103083,1
111207,1
2710,1
10458,280
10706,3
06023,2
100124616,1
100296,1
11443,1
07928,1
98070,2
06907,1
08732,1
11366,233
02110,12
07039,8
10065-770,15
110013,1
11701,10
60645,1
11442,1
18334,2
11320,1
12224,2
10472,206
114345230,140
10468,141
28236,2
0065,2
11207,760
10003,1878
11598,66
1243,2
07508,7
06776,2
33442,1
90064,1
11362,225
08831,28
94611,3
1017,1
33064,1
07980,7
33256,1
07082,2
92130,1
90013,1
14589,1
111415,1
07675,7
11545,34
11266,1
01581,3
06901,7
61001,1
1134,2
115270,5
11431,2
53177,1
10504,2
75010,1
10023,1383
10319,1
07087,5
28235,2
11779,17
112111,1
11457,2
10115,6
100750167,1
91521,1
11541,1
11254,2
1000,2
33455,1
11378,668
10451,497
20003,2
111215,1
07026,13
1216,1
43240,2
11209-456,1
10040,133
07090,5
07430,19
85704,1
11101-413,3
07011,1
10054,1
110473,1
H4R 3J4,1
11021-301,1
11577,70
11219,1251
10570,7
07512,5
11725,19
11741,13
100009,4
11692,217
103104,1
11275,3
44121,2
112374,3
30339,1
12110,1
12582,1
11460,2
11038,1
11026,1
11684,1
48108,1
10965,2
19464,1
11377,501
07652,59
07095,10
19428,16
07020,4
11439,6
1378,1
10201,3
10277,3
11733,1
34887,1
10080,1
10412,4
100004,1
10233,1
10524,1
12534,2
11776,12
100197,2
21204,2
08759,1
11769,1
07033,1
94109,1
11201,1040
99210,35
10543,61
10577,31
10990,4
10271,16
11610,1
07101,1
11220,1018
114327,1
11111,5
02021,1
34108,15
08527,7
10009-840,1
11946,2
1385,1
10022,2344
11572,17
10168,32
07003,4
12401,2
115987,7
07722,2
11209,627
11694,263
11141,1
104467,4
10157,1
110032,1
11206,551
11423,339
111238,1
07738,1
11475,1
22207,1
63006,1
10002,641
11581,28
11780,1
112224,4
12589,2
98134,1
10591,12
10471-012,2
90049,2
07506,1
11387,1
07644,2
10410,2
100180,1
11235-397,1
33483,1
20770,2
55042,2
07604,4
1422,2
48226,2
11435-633,5
10964,1
10970,5
11558,1
06890-107,2
11203,639
11575,4
18049,1
12572,1
11730,4
10519,1
1237,1
11222,1438
100119,2
11743,23
10154,163
98168,12
11771,11
100016,4
97702,2
30308,1
1069,1
07901,1
19307,1
11373,517
14534,10
11003,28
112232,2
19038,4
84150,2
10311,1
100003,1
10065,879
10454,227
