1852,2
11565,224
11317,2
6906,2
33712,1
11948,1
11570,228
10977,11
11553,8
14614,2
10415,1
14202,5
11430,1
11720,6
18081,1
48197,1
08830,1
33437,1
100036,1
94903,1
11358,1221
11710,38
11105,264
10705,249
1201,1
78704,2
06437,2
11507,20
19111,8
11357-1414,2
60607,3
19807,1
8801,2
22151,1
11210,358
10028,469
8901,13
8077,11
7519,1
10920,7
11707,2
12180,1
12524,1
07102,2
53406,1
11415,301
10804,39
19701,1
07092,1
33180,2
10274,8
5452,1
12790,1
11200,3
11361,381
6854,8
11040,87
8889,12
12203,2
07043,3
7073,2
7748,4
7661,4
7640,3
63141,1
19107,4
11705,3
21227,2
34232,1
07306,3
12538,1
07470,1
10962,1
52556,3
08844,5
11424,9
19103,11
10173,5
11557,6
7474,1
36628,1
7067,1
11516,41
07302,3
90021,2
12229,1
10956,154
11747,590
11228,429
17105,2
11739,1
06106,1
07662,1
05656,1
10913,31
10033,63
10510,17
10987,5
11742,2
10560,5
94105,1
10813,1
7111,3
10031,379
7624,6
7727,2
60035,1
45202,2
7760,1
10004,1673
10604,30
11552,80
8757,7
18324,3
7005,5
7924,5
60007,2
11217,2138
8610,17
11413,41
10541,7
8802,5
10046,1
10066,3
10193,1
90232,1
90272,1
06757,1
11022,14
11432,143
8648,7
11731,6
10112,8
7432,8
10008,64
7608,12
15055,4
27514,6
10087,1
18210,1
06830,1
10044,41
10602,4
11755,6
12520,3
10069,7
08872,1
6890,2
10313,1
76011,1
07041,1
10606,9
12010,1
12210,1
7522,1
6804,5
91030,1
14850,1
07632,6
10516,19
12017,5
6457,1
11347,1
60610,1
1886,1
12570,2
20816,1
10036,3797
10027,2121
11337,2
10471,179
1122,2
94941,2
11233,403
10301,259
10453,47
7632,46
12106,1
7203,14
105881,1
08077,1
8550,3
8210,1
85259,1
11706,36
20013,3
94306,1
20007,5
33037,1
8750,1
11530,87
11753,70
10175,14
7082,1
1035,1
11766,1
10701,1002
7730,147
7648,2
7071,5
21239,1
10989,39
10050,5
06880,4
11212,20
91607,1
07719,2
10056,2
10982,2
20906,1
7060,4
12817,2
90292,3
11375,950
11417,810
11354,1003
7751,6
15009,1
75202,2
6018,1
6511,3
92701,1
7102,25
11788,44
10980,8
11411,21
Suite 0406,1
10598,6
10101,3
7647,3
29072,1
33136,1
11365,185
10037,70
7043,15
11716,16
6902,5
H3B 1K9,1
8512,1
10024,2721
12748,1
7036,1
7456,1
2132,2
07071,2
10026,202
8886,46
33131,2
NY,1
12550,36
10174,22
10532,25
11374,162
10176,6
7081,25
7430,34
10580,9
7106,1
08854,2
5445,1
8902,1
13214,1
12501,1
11211,1428
10025,3156
11234,304
7940,82
11434,175
11360,119
08318,5
7626,14
7436,9
7011,4
33330,1
10536,16
44333,27
10081,2
07882,2
97402,1
10963,1
6824,3
11560,32
11561,67
07042,25
11724,3
7042,79
11421,52
7604,12
7930,6
10579,2
10029,114
11227,3
7030,84
10930,5
33917,2
18940,1
11328,2
16601,1
10535,1
11316,1
11803,92
10707,149
10595,18
12309,2
7070,4
06831,3
75218,1
20855,1
10007,19183
11104,669
11590,46
10121,7
11024,7
11932,13
60657,1
15086,1
90071,1
33062,2
33316,1
11790,2
10159,10
7104,3
55408,1
12726,2
76017,3
11244,2
11951,1
07730,32
11416,64
10151,13
11762,24
7457,23
10302,45
10106,5
11729,162
10276,21
11412,20
11752,3
10503,4
11013,1
10102,3
10170,40
8807,1
10094,1
04103,1
07450,1
7008,4
12943,3
63122,1
11953,2
11363,1104
11768,63
11241,32
11307,1
8863,2
11359,4
10113,6
7001,19
33304,3
12084,2
12165,1
21202,2
7118,1
10406,1
12231,1
7310,7
11783,15
10312,98
11250,3
10520,9
18704,2
12230,1
1778,1
11235,222
10506,218
06905,55
10466,197
7410,39
11419-0906,1
11804,1
78731,2
11791-3491,1
10279,1648
11559,32
7603,92
12201,1
10590,3
08827,2
7503,1
10583,430
10567,13
12583,8
10508,1
94114,2
92649,4
44120,1
11483,1
10600,1
1701,1
90291,2
07733,2
94133,1
6409,1
10013,21634
7458,64
11020,28
10538,34
7442,1
11935,2
10308,81
10708,36
11030,115
11758,95
11782,2
6515,3
30349,1
7828,1
10072,1
18018,1
10019,1429
11225,644
11937,6
11954,194
10162,1
7823,4
07093,2
11300,1
11930,1
33990,1
7657,12
21663,1
08081,2
60305,1
87122,1
104563,1
1230,3
6426,1
85258,2
11010,18
44128,2
10098,2
10401,1
11253,1
11576,163
10952,49
30309,2
7016,2
07458,5
11474,1
77085,1
10120,6
7495,2
7440,11
10105,1
11777,4
10108,2
60659,2
11791,96
10020,308
10550,78
10032,97
7033,3
6092,1
91601,2
7501,4
11301,2
11793,205
10166,142
10607,9
10573,18
19013,2
8542,1
19106,3
7032,5
7920,3
08016,1
94121,1
2920,3
98107,1
10048,77
07052,6
75225,1
43017,4
10998,1
07432,1
7091,1
07666,4
30305,1
13410,1
8879,3
8065,1
10111,183
7512,4
10083,1
11763,14
11381,1
10074,2
11727,1
07940,1
11103,280
11025,1
10041,140
7304,5
1258,6
7840,16
10070,23
8857,20
07660,7
94703,1
7303,4
5262,1
10434,1
07960,6
94705,1
12950,1
11580,116
11356,230
11542,17
93638,1
7653,7
11797,13
22903,1
10018,11702
11101,3221
11772,9
7086,3
07208,1
43230,1
10566,16
10125,3
12065,1
6878,1
19143,2
10155,33
33487,1
10605,21
7405,1
11655,1
10117,1
10123,592
7105,57
11436,4
6830,29
18017,3
7871,4
11568,6
6010,1
90066,1
11721,3
8536,1
07481,1
7205,934
90401,1
7076,4
11693,14
81612,2
60615,1
11027,1
33481,1
94925,1
35653,1
94556,1
11042,62
34242,2
10984,5
07103,1
7936,1
7024,50
10119,418
07074,6
10160,3
11950,1
17043,1
33446,1
7666,52
10467,116
10273,7
10034,49
7722,2
96105,1
8823,1
7055,3
13503,1
11202,53
7302,36
11345,9
8831,24
1103,1
90068,1
7068,2
6751,2
10469,119
7206,3
6082,2
18072,1
10122,64
11096,11
98101,8
6490,3
12590,15
10013-3962,1
12205,1
11949,1
8109,1
10576,23
07748,5
10594,5
10314,437
10507,4
7059,18
7735,14
6105,12
34994,2
33140,2
6020,2
40507,1
10005,3131
10553,76
2128,4
07107,1
08540,1
7090,39
7928,4
7094,6
55116,2
20008,5
19130,3
33139,5
1101,1
11252,2
7830,1
10307,74
12553,13
10030,242
7631,85
11596,26
10968,2
21208,2
8520,1
8830,3
11369,150
11419,227
07203,3
10994,17
6870,1
8534,2
85280,1
2301,1
43725,2
11315,1
13502,1
43219,1
7039,7
7660,44
07631,34
10075,172
3051,3
10950,2
78613,1
23227,2
10017,2414
7003,7
05445,2
11679,1
19317,1
8820,3
09605,1
07643,1
7007,4
27614,1
21201,1
7095,6
8861,3
89103,1
94066,5
10901,45
11370,29
19021,1
7719,6
7869,3
06890,2
7740,1
11303,2
7724,10
90069,1
07435,1
06754,1
07649,1
10064,1
30076,1
12424,1
11248,1
90024,1
11801,59
10282,102
10118,104
10461,113
20002,4
13072,1
8904,1
33434,1
19007,2
07047,1
34102,1
10704,160
7103,3
5143,1
2655,4
60005,1
8054,6
06906,2
7110,5
7029,2
10306,194
10474,44
10163,16
75074,1
8628,1
956,1
10016,4591
11732,3
7010,71
10158,36
10172,13
85050,16
33954,1
11751,16
100018,2
11426,31
11764,5
10924,2
11556,2
10800,1
12580,1
6443,1
19144,1
11420,104
10459,26
90036,9
1373,2
11952,3
6473,1
18337,6
06902,3
11215,3597
10006,1556
11704,17
10281,5
13747,1
76106,1
2886,1
1803,1
11767,59
18302,1
8827,7
94608,2
07747,2
19720,1
10021,1670
10465,56
11371,4
48126,3
10078,1
10153,10
7446,7
66251,1
02842,1
07030,3
21207,2
92101,1
7470,22
6880,27
1001,1
11547,1
21230,2
08801,1
75019,1
07821,1
7452,9
10505,1
08816,13
13354,1
7307,21
33704,1
